time	marker	pupilArea	pupilDiam	pupilDiam_mm	centroid.x	centroid.y	rect.w	rect.h	huMoments[0]
0	0	12484	126.076	6.1969	247	98	150	105	0.169599
0.0333333	0	12484	126.076	6.1969	247	98	150	105	0.169599
0.0666667	0	12722	127.272	6.25569	247	98	153	107	0.17104
0.1	0	12722	127.272	6.25569	247	98	153	107	0.17104
0.133333	0	12943	128.373	6.30979	247	98	154	112	0.171405
0.166667	0	12946	128.388	6.31052	247	98	154	112	0.171427
0.2	0	12946	128.388	6.31052	247	98	154	112	0.171427
0.233333	0	12946	128.388	6.31052	247	98	154	112	0.171427
0.266667	0	13158	129.435	6.36198	248	99	155	111	0.171539
0.3	0	13096	129.129	6.34698	248	99	155	111	0.172554
0.333333	0	13096	129.129	6.34698	248	99	155	111	0.172554
0.366667	0	13215	129.715	6.37575	248	100	156	114	0.172452
0.4	0	13208	129.68	6.37406	248	100	156	114	0.172467
0.433333	0	13208	129.68	6.37406	248	100	156	114	0.172467
0.466667	0	13236	129.818	6.38081	248	99	156	113	0.172786
0.5	0	13237	129.823	6.38105	248	99	156	113	0.172781
0.533333	0	13237	129.823	6.38105	248	99	156	113	0.172781
0.566667	0	13302	130.141	6.3967	249	100	157	115	0.174104
0.6	0	13304	130.151	6.39718	249	100	157	115	0.174108
0.633333	0	13304	130.151	6.39718	249	100	157	115	0.174108
0.666667	0	13223	129.754	6.37768	249	100	157	113	0.175389
0.7	0	13224	129.759	6.37792	249	100	157	113	0.175372
0.733333	0	13224	129.759	6.37792	249	100	157	113	0.175372
0.766667	0	13341	130.332	6.40607	249	100	158	113	0.174382
0.8	0	13348	130.366	6.40775	249	100	158	113	0.174358
0.833333	0	13348	130.366	6.40775	249	100	158	113	0.174358
0.866667	0	13364	130.444	6.41159	250	100	157	111	0.172363
0.9	0	13366	130.454	6.41207	250	100	157	111	0.172377
0.933333	0	13366	130.454	6.41207	250	100	157	111	0.172377
0.966667	0	13437	130.8	6.42908	249	100	158	112	0.172783
1	0	13437	130.8	6.42908	249	100	158	112	0.172786
1.03333	0	13437	130.8	6.42908	249	100	158	112	0.172786
1.06667	0	13289	130.077	6.39357	249	101	157	110	0.174448
1.1	0	13297	130.116	6.3955	249	101	157	110	0.174383
1.13333	0	13297	130.116	6.3955	249	101	157	110	0.174383
1.16667	0	13374	130.493	6.41399	249	101	159	111	0.174612
1.2	0	13375	130.497	6.41423	249	101	159	111	0.174618
1.23333	0	13375	130.497	6.41423	249	101	159	111	0.174618
1.26667	0	13437	130.8	6.42908	250	102	159	112	0.174953
1.3	0	13437	130.8	6.42908	250	102	159	112	0.174953
1.33333	0	13437	130.8	6.42908	250	102	159	112	0.174953
1.36667	0	13731	132.223	6.49903	250	102	160	113	0.173475
1.4	0	13730	132.218	6.49879	250	102	160	113	0.17348
1.43333	0	13721	132.175	6.49666	250	102	160	113	0.173536
1.46667	0	13898	133.024	6.53843	251	102	161	114	0.17281
1.5	0	13898	133.024	6.53843	251	102	161	114	0.17281
1.53333	0	13898	133.024	6.53843	251	102	161	114	0.17281
1.56667	0	13904	133.053	6.53984	251	103	159	115	0.172333
1.6	0	13904	133.053	6.53984	251	103	159	115	0.172331
1.63333	0	13904	133.053	6.53984	251	103	159	115	0.172331
1.66667	0	13954	133.292	6.55159	251	103	160	115	0.172516
1.7	0	13954	133.292	6.55159	251	103	160	115	0.172516
1.73333	0	13954	133.292	6.55159	251	103	160	115	0.172516
1.76667	0	13809	132.598	6.51746	252	103	160	115	0.175122
1.8	0	13812	132.612	6.51817	252	103	160	115	0.175108
1.83333	0	14155	134.249	6.59861	251	102	162	114	0.171566
1.86667	0	14155	134.249	6.59861	251	102	162	114	0.171561
1.9	0	14155	134.249	6.59861	251	102	162	114	0.171561
1.93333	0	14155	134.249	6.59861	251	102	162	114	0.171561
1.96667	0	14221	134.561	6.61398	251	102	161	117	0.170812
2	0	14215	134.533	6.61258	251	102	161	117	0.170804
2.03333	0	14222	134.566	6.61421	252	102	161	117	0.170781
2.06667	0	14288	134.878	6.62954	251	101	162	116	0.171348
2.1	0	14294	134.906	6.63093	251	101	162	116	0.171292
2.13333	0	14378	135.302	6.65039	252	101	163	118	0.171836
2.16667	0	14372	135.274	6.649	252	101	163	118	0.17187
2.2	0	14373	135.279	6.64923	252	101	163	118	0.171872
2.23333	0	14373	135.279	6.64923	252	101	163	118	0.171872
2.26667	0	14404	135.424	6.6564	252	102	162	116	0.172539
2.3	0	14404	135.424	6.6564	252	102	162	116	0.172539
2.33333	0	14404	135.424	6.6564	252	102	162	116	0.172539
2.36667	0	14325	135.052	6.63812	252	102	163	115	0.174875
2.4	0	14325	135.052	6.63812	252	102	163	115	0.174875
2.43333	0	14325	135.052	6.63812	252	102	163	115	0.174875
2.46667	0	14613	136.403	6.70451	253	102	164	116	0.172056
2.5	0	14615	136.413	6.70497	253	102	164	116	0.172059
2.53333	0	14615	136.413	6.70497	253	102	164	116	0.172059
2.56667	0	14588	136.287	6.69878	253	102	163	117	0.172484
2.6	0	14577	136.235	6.69625	253	102	163	116	0.172563
2.63333	0	14577	136.235	6.69625	253	102	163	116	0.172563
2.66667	0	14684	136.734	6.72078	253	102	164	117	0.172054
2.7	0	14684	136.734	6.72078	253	102	164	117	0.172054
2.73333	0	14644	136.548	6.71162	253	102	165	118	0.172618
2.76667	0	14643	136.543	6.71139	253	102	165	118	0.172613
2.8	0	14643	136.543	6.71139	253	102	165	118	0.172613
2.83333	0	14440	135.593	6.66471	254	103	164	115	0.174512
2.86667	0	14440	135.593	6.66471	254	103	164	115	0.174512
2.9	0	14440	135.593	6.66471	254	103	164	115	0.174512
2.93333	0	14689	136.758	6.72193	253	102	164	119	0.171304
2.96667	0	14689	136.758	6.72193	253	102	164	119	0.171304
3	0	14689	136.758	6.72193	253	102	164	119	0.171304
3.03333	0	14689	136.758	6.72193	253	102	164	119	0.171304
3.06667	0	14557	136.142	6.69165	254	103	164	119	0.172338
3.1	0	14554	136.128	6.69096	254	103	164	119	0.172359
3.13333	0	14568	136.193	6.69418	253	103	164	118	0.17237
3.16667	0	14568	136.193	6.69418	253	103	164	118	0.17237
3.2	0	14568	136.193	6.69418	253	103	164	118	0.17237
3.23333	0	14735	136.972	6.73244	253	102	164	116	0.17059
3.26667	0	14738	136.985	6.73313	253	102	164	116	0.170603
3.3	0	14738	136.985	6.73313	253	102	164	116	0.170603
3.33333	0	14679	136.711	6.71964	253	103	164	118	0.171727
3.36667	0	14683	136.73	6.72055	254	103	164	118	0.171699
3.4	0	14683	136.73	6.72055	254	103	164	118	0.171699
3.43333	0	14683	136.73	6.72055	254	103	164	118	0.171699
3.46667	0	14680	136.716	6.71987	254	103	165	118	0.172566
3.5	0	14681	136.72	6.72009	254	103	165	118	0.172573
3.53333	0	14681	136.72	6.72009	254	103	165	118	0.172573
3.56667	0	14928	137.866	6.77639	254	103	165	119	0.170433
3.6	0	14916	137.81	6.77367	254	103	165	119	0.170493
3.63333	0	14916	137.81	6.77367	254	103	165	119	0.170493
3.66667	0	14654	136.595	6.71391	255	104	165	118	0.174303
3.7	0	14654	136.595	6.71391	255	104	165	118	0.174303
3.73333	0	14961	138.018	6.78388	255	102	166	119	0.171465
3.76667	0	14961	138.018	6.78388	255	102	166	119	0.171465
3.8	0	14961	138.018	6.78388	255	102	166	119	0.171465
3.83333	0	14961	138.018	6.78388	255	102	166	119	0.171465
3.86667	0	14740	136.995	6.73358	255	103	166	118	0.174713
3.9	0	14740	136.995	6.73358	255	103	166	118	0.174713
3.93333	0	14740	136.995	6.73358	255	103	166	118	0.174713
3.96667	0	15036	138.363	6.80086	255	103	166	119	0.171544
4	0	15037	138.368	6.80108	255	103	166	119	0.171543
4.03333	0	15089	138.607	6.81283	253	104	166	121	0.1719
4.06667	0	15085	138.589	6.81193	253	104	166	121	0.171902
4.1	0	15085	138.589	6.81193	253	104	166	121	0.171902
4.13333	0	15098	138.648	6.81487	253	106	166	120	0.171408
4.16667	0	15098	138.648	6.81487	253	106	166	120	0.171425
4.2	0	15098	138.648	6.81487	253	106	166	120	0.171425
4.23333	0	14764	137.106	6.73906	254	108	166	118	0.173353
4.26667	0	14774	137.153	6.74135	254	108	166	118	0.173278
4.3	0	14774	137.153	6.74135	254	108	166	118	0.173278
4.33333	0	128356	nan	19.8704	300	105	0	0	0.265929
4.36667	0	128356	nan	19.8704	300	105	0	0	0.265929
4.4	0	128356	nan	19.8704	300	105	0	0	0.265929
4.43333	0	128356	nan	19.8704	300	105	0	0	0.265929
4.46667	0	116912	nan	18.9639	295	101	0	0	0.309235
4.5	0	116912	nan	18.9639	295	101	0	0	0.309235
4.53333	0	116912	nan	18.9639	295	101	0	0	0.309235
4.56667	0	12678	nan	6.24486	248	109	0	0	0.189458
4.6	0	12678	nan	6.24486	248	109	0	0	0.189458
4.63333	0	14935	137.898	6.77798	247	103	165	116	0.171908
4.66667	0	14935	137.898	6.77798	247	103	165	116	0.171908
4.7	0	14935	137.898	6.77798	247	103	165	116	0.171908
4.73333	0	15325	139.687	6.86591	246	102	166	120	0.169983
4.76667	0	15324	139.682	6.86568	246	102	166	120	0.169988
4.8	0	15323	139.678	6.86546	246	102	166	120	0.169992
4.83333	0	15346	139.783	6.87061	246	102	166	118	0.16969
4.86667	0	15342	139.764	6.86971	246	102	166	118	0.169699
4.9	0	15342	139.764	6.86971	246	102	166	118	0.169699
4.93333	0	15418	140.11	6.88671	246	102	166	119	0.169439
4.96667	0	15418	140.11	6.88671	246	102	166	119	0.169439
5	0	15404	140.046	6.88358	246	102	166	118	0.169651
5.03333	0	15284	139.5	6.85671	246	102	165	117	0.169343
5.06667	0	15286	139.509	6.85716	246	102	165	117	0.169337
5.1	0	15286	139.509	6.85716	246	102	165	117	0.169337
5.13333	0	15224	139.226	6.84324	247	101	166	117	0.169311
5.16667	0	15224	139.226	6.84324	247	101	166	117	0.169311
5.2	0	15224	139.226	6.84324	247	101	166	117	0.169311
5.23333	0	15169	138.974	6.83087	247	101	164	118	0.169136
5.26667	0	15166	138.96	6.83019	247	101	164	118	0.169157
5.3	0	15107	138.69	6.8169	248	101	166	117	0.170004
5.33333	0	15117	138.736	6.81915	248	101	166	117	0.169911
5.36667	0	15117	138.736	6.81915	248	101	166	117	0.169911
5.4	0	15117	138.736	6.81915	248	101	166	117	0.169911
5.43333	0	15176	139.006	6.83245	248	101	166	117	0.169786
5.46667	0	15176	139.006	6.83245	248	101	166	117	0.169792
5.5	0	15176	139.006	6.83245	248	101	166	117	0.169792
5.53333	0	14933	137.889	6.77752	248	102	166	113	0.173157
5.56667	0	14937	137.907	6.77843	248	102	166	113	0.173142
5.6	0	14937	137.907	6.77843	248	102	166	113	0.173142
5.63333	0	15423	140.133	6.88782	248	101	167	119	0.169557
5.66667	0	15423	140.133	6.88782	248	101	167	119	0.169557
5.7	0	15423	140.133	6.88782	248	101	167	119	0.169557
5.73333	0	15423	140.133	6.88782	248	101	167	119	0.169557
5.76667	0	15457	140.287	6.89541	248	100	167	119	0.169514
5.8	0	15458	140.292	6.89563	248	100	167	119	0.169506
5.83333	0	15458	140.292	6.89563	248	100	167	119	0.169506
5.86667	0	15501	140.487	6.90522	249	101	169	118	0.16984
5.9	0	15512	140.537	6.90767	249	101	169	119	0.169778
5.93333	0	15481	140.396	6.90076	249	101	167	119	0.169369
5.96667	0	15475	140.369	6.89942	249	101	167	119	0.169386
6	0	15475	140.369	6.89942	249	101	167	119	0.169386
6.03333	0	15341	139.76	6.86949	250	101	167	119	0.169144
6.06667	0	15342	139.764	6.86971	250	101	167	119	0.169136
6.1	0	15342	139.764	6.86971	250	101	167	119	0.169136
6.13333	0	15342	139.764	6.86971	250	101	167	119	0.169136
6.16667	0	15072	138.529	6.80899	251	102	164	118	0.168641
6.2	0	15069	138.515	6.80832	251	101	164	118	0.168665
6.23333	0	15069	138.515	6.80832	251	101	164	118	0.168665
6.26667	0	14607	136.375	6.70314	251	101	162	117	0.169015
6.3	0	14615	136.413	6.70497	251	101	162	117	0.168991
6.33333	0	14614	136.408	6.70474	251	101	162	117	0.168988
6.36667	0	14315	135.005	6.6358	252	101	160	117	0.16893
6.4	0	14314	135.001	6.63557	252	101	160	117	0.168931
6.43333	0	14314	135.001	6.63557	252	101	160	117	0.168931
6.46667	0	14077	133.878	6.5804	252	100	159	115	0.168915
6.5	0	14077	133.878	6.5804	252	100	159	115	0.168915
6.53333	0	14077	133.878	6.5804	252	100	159	115	0.168915
6.56667	0	13977	133.402	6.55699	252	101	159	114	0.169231
6.6	0	13977	133.402	6.55699	252	101	159	114	0.169231
6.63333	0	13977	133.402	6.55699	252	101	159	114	0.169231
6.66667	0	13985	133.44	6.55887	252	101	159	115	0.169164
6.7	0	13986	133.445	6.5591	252	101	159	115	0.169163
6.73333	0	13986	133.445	6.5591	252	101	159	115	0.169163
6.76667	0	14045	133.726	6.57292	251	101	159	115	0.169205
6.8	0	14052	133.759	6.57456	251	101	159	115	0.169159
6.83333	0	14051	133.755	6.57432	251	101	159	115	0.169164
6.86667	0	14096	133.969	6.58484	251	101	159	115	0.169065
6.9	0	14096	133.969	6.58484	251	101	159	115	0.169065
6.93333	0	14096	133.969	6.58484	251	101	159	115	0.169065
6.96667	0	14182	134.377	6.6049	251	101	161	116	0.169267
7	0	14182	134.377	6.6049	251	101	161	116	0.169282
7.03333	0	14182	134.377	6.6049	251	101	161	116	0.169282
7.06667	0	14150	134.225	6.59744	251	101	161	115	0.169855
7.1	0	14156	134.253	6.59884	251	101	161	115	0.169808
7.13333	0	14156	134.253	6.59884	251	101	161	115	0.169808
7.16667	0	14251	134.703	6.62095	251	101	161	115	0.169526
7.2	0	14252	134.708	6.62118	251	101	161	115	0.169522
7.23333	0	14252	134.708	6.62118	251	101	161	115	0.169522
7.26667	0	14371	135.269	6.64877	252	101	163	117	0.169499
7.3	0	14377	135.297	6.65015	252	101	163	117	0.169468
7.33333	1	14377	135.297	6.65015	252	101	163	117	0.169468
7.36667	1	14410	135.453	6.65778	252	101	161	116	0.169297
7.4	1	14415	135.476	6.65894	252	101	161	116	0.16923
7.43333	1	14415	135.476	6.65894	252	101	161	116	0.16923
7.46667	1	14912	137.792	6.77276	253	102	162	118	0.167877
7.5	1	14926	137.856	6.77594	253	102	162	118	0.167835
7.53333	1	14926	137.856	6.77594	253	102	162	118	0.167835
7.56667	1	13954	133.292	6.55159	253	101	161	113	0.171817
7.6	1	13953	133.287	6.55136	253	101	161	113	0.171819
7.63333	1	13953	133.287	6.55136	253	101	161	113	0.171819
7.66667	0	11405	120.504	5.92305	253	103	147	96	0.176744
7.7	0	11404	120.499	5.92279	253	103	147	96	0.176735
7.73333	0	11404	120.499	5.92279	253	103	147	96	0.176735
7.76667	0	9571	110.391	5.42596	251	101	133	91	0.170538
7.8	0	9574	110.408	5.42681	251	101	133	91	0.170528
7.83333	0	9569	110.38	5.42539	251	101	133	91	0.170549
7.86667	0	7549	98.0392	4.81884	253	98	119	83	0.171973
7.9	0	7543	98.0003	4.81692	253	98	119	83	0.171943
7.93333	0	7543	98.0003	4.81692	253	98	119	83	0.171943
7.96667	0	6392	90.2139	4.43421	253	96	108	74	0.170045
8	0	6391	90.2069	4.43386	253	96	108	74	0.170059
8.03333	0	6391	90.2069	4.43386	253	96	108	74	0.170059
8.06667	0	5665	84.9288	4.17443	252	96	101	71	0.170625
8.1	0	5664	84.9213	4.17406	252	96	101	71	0.170641
8.13333	0	5664	84.9213	4.17406	252	96	101	71	0.170641
8.16667	0	4869	78.7363	3.87006	254	97	94	65	0.170438
8.2	0	4869	78.7363	3.87006	254	97	94	65	0.170438
8.23333	0	4869	78.7363	3.87006	254	97	94	65	0.170438
8.26667	0	4269	73.7256	3.62377	256	95	88	61	0.16957
8.3	0	4270	73.7342	3.62419	256	95	88	61	0.169547
8.33333	0	3416	65.9499	3.24158	256	92	79	53	0.171602
8.36667	0	3416	65.9499	3.24158	256	92	79	53	0.171602
8.4	0	3416	65.9499	3.24158	256	92	79	53	0.171602
8.43333	0	3416	65.9499	3.24158	256	92	79	53	0.171602
8.46667	0	2986	61.6595	3.0307	253	92	74	50	0.171505
8.5	0	2987	61.6698	3.0312	253	92	74	50	0.171469
8.53333	0	2981	61.6079	3.02816	253	92	74	50	0.171677
8.56667	0	2712	58.7625	2.8883	252	91	71	48	0.172041
8.6	0	2712	58.7625	2.8883	252	91	71	48	0.172041
8.63333	0	2712	58.7625	2.8883	252	91	71	48	0.172041
8.66667	0	2680	58.4148	2.87121	251	92	70	50	0.169413
8.7	0	2696	58.5889	2.87977	251	92	70	50	0.169137
8.73333	0	2696	58.5889	2.87977	251	92	70	50	0.169137
8.76667	0	2691	58.5345	2.8771	251	92	69	48	0.171039
8.8	0	2691	58.5345	2.8771	251	92	69	48	0.171039
8.83333	0	2691	58.5345	2.8771	251	92	69	48	0.171039
8.86667	0	2635	57.9223	2.847	253	91	67	48	0.170603
8.9	0	2635	57.9223	2.847	253	91	67	48	0.170603
8.93333	0	2635	57.9223	2.847	253	91	67	48	0.170603
8.96667	0	2477	56.1589	2.76033	252	91	65	46	0.171012
9	0	2476	56.1475	2.75977	252	91	65	46	0.171028
9.03333	0	2476	56.1475	2.75977	252	91	65	46	0.171028
9.06667	0	2362	54.8397	2.69549	253	90	64	45	0.169901
9.1	0	2362	54.8397	2.69549	253	90	64	45	0.169901
9.13333	0	2362	54.8397	2.69549	253	90	64	45	0.169901
9.16667	0	1948	49.8023	2.44789	253	89	59	40	0.1721
9.2	0	1948	49.8023	2.44789	253	89	59	40	0.1721
9.23333	0	1948	49.8023	2.44789	253	89	59	40	0.1721
9.26667	0	1747	47.163	2.31816	253	89	56	38	0.174349
9.3	0	1748	47.1765	2.31883	253	89	56	38	0.174316
9.33333	0	1748	47.1765	2.31883	253	89	56	38	0.174316
9.36667	0	1674	46.1671	2.26921	251	89	56	37	0.175636
9.4	0	1657	45.9321	2.25766	252	89	55	37	0.174809
9.43333	0	1657	45.9321	2.25766	252	89	55	37	0.174809
9.46667	0	1692	46.4147	2.28138	249	88	56	38	0.176417
9.5	0	1692	46.4147	2.28138	249	88	56	38	0.176417
9.53333	0	1692	46.4147	2.28138	249	88	56	38	0.176417
9.56667	0	1925	49.5075	2.4334	251	90	59	39	0.171821
9.6	0	1925	49.5075	2.4334	251	90	59	39	0.171821
9.63333	0	1925	49.5075	2.4334	251	90	59	39	0.171821
9.66667	0	1943	49.7384	2.44475	250	90	59	39	0.173046
9.7	0	1944	49.7512	2.44538	250	90	59	39	0.173097
9.73333	0	1944	49.7512	2.44538	250	90	59	39	0.173097
9.76667	0	2003	50.5005	2.48221	249	91	59	41	0.171741
9.8	0	2003	50.5005	2.48221	249	91	59	41	0.171741
9.83333	0	1960	49.9555	2.45542	250	91	58	40	0.172097
9.86667	0	1960	49.9555	2.45542	250	91	58	40	0.172097
9.9	0	1960	49.9555	2.45542	250	91	58	40	0.172097
9.93333	0	1960	49.9555	2.45542	250	91	58	40	0.172097
9.96667	0	1895	49.1202	2.41436	252	91	56	40	0.17008
10	0	1907	49.2754	2.42199	252	91	57	40	0.170092
10.0333	0	1907	49.2754	2.42199	252	91	57	40	0.170092
10.0667	0	1487	43.5122	2.13872	251	90	53	34	0.175099
10.1	0	1487	43.5122	2.13872	251	90	53	34	0.175099
10.1333	0	1487	43.5122	2.13872	251	90	53	34	0.175099
10.1667	0	1459	43.1006	2.11848	251	89	52	34	0.175548
10.2	0	1459	43.1006	2.11848	251	89	52	34	0.175548
10.2333	0	1459	43.1006	2.11848	251	89	52	34	0.175548
10.2667	0	1530	44.1368	2.16942	251	89	52	37	0.169257
10.3	0	1530	44.1368	2.16942	251	89	52	37	0.169257
10.3333	0	1530	44.1368	2.16942	251	89	52	37	0.169257
10.3667	0	1513	43.8909	2.15733	252	87	52	37	0.169795
10.4	0	1512	43.8764	2.15662	252	87	52	37	0.169811
10.4333	0	1512	43.8764	2.15662	252	87	52	37	0.169811
10.4667	0	1664	46.029	2.26243	252	87	56	37	0.17587
10.5	0	1676	46.1947	2.27057	251	87	56	37	0.175219
10.5333	0	1676	46.1947	2.27057	251	87	56	37	0.175219
10.5667	0	1736	47.0143	2.31085	252	86	56	37	0.173133
10.6	0	1739	47.0549	2.31285	252	86	56	37	0.173297
10.6333	0	1739	47.0549	2.31285	252	86	56	37	0.173297
10.6667	0	1820	48.1383	2.3661	253	86	57	37	0.174591
10.7	0	1820	48.1383	2.3661	253	86	57	37	0.174591
10.7333	0	1799	47.8598	2.35241	251	86	57	37	0.174634
10.7667	0	1799	47.8598	2.35241	251	86	57	37	0.174634
10.8	0	1799	47.8598	2.35241	251	86	57	37	0.174634
10.8333	0	1799	47.8598	2.35241	251	86	57	37	0.174634
10.8667	0	1744	47.1225	2.31617	252	86	56	36	0.175669
10.9	0	1744	47.1225	2.31617	252	86	56	36	0.175669
10.9333	0	1744	47.1225	2.31617	252	86	56	36	0.175669
10.9667	0	1413	42.4157	2.08482	253	86	51	33	0.175304
11	0	1413	42.4157	2.08482	253	86	51	33	0.175304
11.0333	0	1413	42.4157	2.08482	253	86	51	33	0.175304
11.0667	0	1409	42.3556	2.08187	253	86	51	34	0.174325
11.1	0	1410	42.3706	2.08261	253	86	51	34	0.174264
11.1333	0	1410	42.3706	2.08261	253	86	51	34	0.174264
11.1667	0	1340	41.3055	2.03025	255	87	49	33	0.173452
11.2	0	1341	41.3209	2.03101	255	87	49	33	0.173596
11.2333	0	1341	41.3209	2.03101	255	87	49	33	0.173596
11.2667	0	1460	43.1153	2.11921	256	86	49	36	0.16708
11.3	0	1460	43.1153	2.11921	256	86	49	36	0.16708
11.3333	0	1460	43.1153	2.11921	256	86	49	36	0.16708
11.3667	0	1542	44.3096	2.17791	258	87	50	36	0.168988
11.4	0	1542	44.3096	2.17791	258	87	50	36	0.168988
11.4333	0	1542	44.3096	2.17791	258	87	50	36	0.168988
11.4667	0	1667	46.0705	2.26446	260	86	54	38	0.17017
11.5	0	1667	46.0705	2.26446	260	86	54	38	0.17017
11.5333	0	1667	46.0705	2.26446	260	86	54	38	0.17017
11.5667	0	1780	47.6064	2.33996	261	85	55	38	0.170538
11.6	0	1780	47.6064	2.33996	261	85	55	38	0.170538
11.6333	0	1366	41.7043	2.04985	261	84	50	33	0.174317
11.6667	0	1366	41.7043	2.04985	261	84	50	33	0.174317
11.7	0	1366	41.7043	2.04985	261	84	50	33	0.174317
11.7333	0	1402	42.2502	2.07669	261	84	50	34	0.171961
11.7667	0	1402	42.2502	2.07669	261	84	50	34	0.171961
11.8	0	1402	42.2502	2.07669	261	84	50	34	0.171961
11.8333	0	1373	41.811	2.0551	261	84	50	34	0.17346
11.8667	0	1373	41.811	2.0551	261	84	50	34	0.17346
11.9	0	1373	41.811	2.0551	261	84	50	34	0.17346
11.9333	0	1377	41.8719	2.05809	260	84	49	34	0.171903
11.9667	0	1377	41.8719	2.05809	260	84	49	34	0.172074
12	0	1377	41.8719	2.05809	260	84	49	34	0.172074
12.0333	0	1558	44.5388	2.18918	259	86	53	35	0.173447
12.0667	0	1558	44.5388	2.18918	259	86	53	35	0.173447
12.1	0	1558	44.5388	2.18918	259	86	53	35	0.173447
12.1333	0	1685	46.3186	2.27666	257	86	54	38	0.170983
12.1667	0	1685	46.3186	2.27666	257	86	54	38	0.170983
12.2	0	1685	46.3186	2.27666	257	86	54	38	0.170983
12.2333	0	1760	47.3382	2.32677	256	86	55	37	0.175085
12.2667	0	1761	47.3516	2.32743	256	86	55	37	0.175062
12.3	0	1761	47.3516	2.32743	256	86	55	37	0.175062
12.3333	0	1840	48.4021	2.37907	256	86	56	39	0.171324
12.3667	0	1840	48.4021	2.37907	256	86	56	39	0.171324
12.4	0	1840	48.4021	2.37907	256	86	56	39	0.171324
12.4333	0	1850	48.5334	2.38552	256	87	56	39	0.171389
12.4667	0	1850	48.5334	2.38552	256	87	56	39	0.171389
12.5	0	1850	48.5334	2.38552	256	87	56	39	0.171389
12.5333	0	1816	48.0854	2.3635	255	87	57	38	0.174333
12.5667	0	1816	48.0854	2.3635	255	87	57	38	0.174333
12.6	0	1816	48.0854	2.3635	255	87	57	38	0.174333
12.6333	0	1484	43.4683	2.13656	254	86	52	34	0.174223
12.6667	0	1495	43.6291	2.14446	254	87	52	35	0.173179
12.7	0	1495	43.6291	2.14446	254	87	52	35	0.173179
12.7333	0	1559	44.5531	2.18988	255	87	53	36	0.171918
12.7667	0	1559	44.5531	2.18988	255	87	53	36	0.171918
12.8	0	1559	44.5531	2.18988	255	87	53	36	0.171918
12.8333	0	1582	44.8806	2.20598	253	86	54	35	0.173846
12.8667	0	1582	44.8806	2.20598	253	86	54	35	0.173846
12.9	0	1582	44.8806	2.20598	253	86	54	35	0.173846
12.9333	0	1714	46.7155	2.29616	253	88	54	39	0.168868
12.9667	0	1714	46.7155	2.29616	253	88	54	39	0.168868
13	0	1860	48.6644	2.39196	253	89	58	40	0.171132
13.0333	0	1860	48.6644	2.39196	253	89	58	40	0.171132
13.0667	0	1860	48.6644	2.39196	253	89	58	40	0.171132
13.1	0	1860	48.6644	2.39196	253	89	58	40	0.171132
13.1333	0	1912	49.34	2.42517	253	88	58	39	0.17294
13.1667	0	1904	49.2367	2.42009	253	88	58	39	0.173315
13.2	0	1904	49.2367	2.42009	253	88	58	39	0.173315
13.2333	0	2037	50.9273	2.50319	252	87	61	41	0.174229
13.2667	0	2037	50.9273	2.50319	252	87	61	41	0.174229
13.3	0	2037	50.9273	2.50319	252	87	61	41	0.174229
13.3333	0	2136	52.1502	2.56329	252	87	61	41	0.172377
13.3667	0	2136	52.1502	2.56329	252	87	61	41	0.172377
13.4	0	2136	52.1502	2.56329	252	87	61	41	0.172377
13.4333	0	2102	51.7335	2.54281	250	86	61	41	0.17322
13.4667	0	2102	51.7335	2.54281	250	86	61	41	0.17322
13.5	0	2102	51.7335	2.54281	250	86	61	41	0.17322
13.5333	0	2092	51.6103	2.53675	250	87	61	41	0.173135
13.5667	0	2092	51.6103	2.53675	250	87	61	41	0.173135
13.6	0	2092	51.6103	2.53675	250	87	61	41	0.173135
13.6333	0	2049	51.0771	2.51055	251	87	61	41	0.173245
13.6667	0	2049	51.0771	2.51055	251	87	61	41	0.173245
13.7	0	2049	51.0771	2.51055	251	87	61	41	0.173245
13.7333	0	1668	46.0843	2.26514	247	84	57	35	0.177788
13.7667	0	1668	46.0843	2.26514	247	84	57	35	0.177788
13.8	0	1668	46.0843	2.26514	247	84	57	35	0.177788
13.8333	0	1724	46.8515	2.30285	246	84	58	37	0.176448
13.8667	0	1724	46.8515	2.30285	246	84	58	37	0.176448
13.9	0	1724	46.8515	2.30285	246	84	58	37	0.176448
13.9333	0	1780	47.6064	2.33996	245	84	57	40	0.170757
13.9667	0	1780	47.6064	2.33996	245	84	57	40	0.170757
14	0	1780	47.6064	2.33996	245	84	57	40	0.170757
14.0333	0	1834	48.3231	2.37518	245	85	57	39	0.170313
14.0667	0	1834	48.3231	2.37518	245	85	57	39	0.170313
14.1	0	1834	48.3231	2.37518	245	85	57	39	0.170313
14.1333	0	1940	49.7	2.44286	245	85	59	40	0.171766
14.1667	0	1940	49.7	2.44286	245	85	59	40	0.171766
14.2	0	1940	49.7	2.44286	245	85	59	40	0.171766
14.2333	0	2076	51.4125	2.52703	247	84	61	41	0.173819
14.2667	0	2076	51.4125	2.52703	247	84	61	41	0.173819
14.3	0	2076	51.4125	2.52703	247	84	61	41	0.173819
14.3333	0	2080	51.462	2.52947	248	84	62	41	0.173592
14.3667	0	2080	51.462	2.52947	248	84	62	41	0.173592
14.4	0	2080	51.462	2.52947	248	84	62	41	0.173592
14.4333	0	2016	50.6641	2.49025	247	85	60	41	0.172726
14.4667	0	2016	50.6641	2.49025	247	85	60	41	0.172726
14.5	0	2016	50.6641	2.49025	247	85	60	41	0.172726
14.5333	0	1934	49.6231	2.43908	246	86	58	40	0.173641
14.5667	0	1934	49.6231	2.43908	246	86	58	40	0.173641
14.6	0	1934	49.6231	2.43908	246	86	58	40	0.173641
14.6333	0	1670	46.1119	2.2665	246	84	56	37	0.174186
14.6667	0	1670	46.1119	2.2665	246	84	56	37	0.174186
14.7	0	1670	46.1119	2.2665	246	84	56	37	0.174186
14.7333	0	1659	45.9598	2.25902	247	85	57	36	0.177159
14.7667	0	1659	45.9598	2.25902	247	85	57	36	0.177159
14.8	0	1659	45.9598	2.25902	247	85	57	36	0.177159
14.8333	0	1710	46.6609	2.29348	247	83	56	38	0.172276
14.8667	0	1710	46.6609	2.29348	247	83	56	38	0.172276
14.9	0	1710	46.6609	2.29348	247	83	56	38	0.172276
14.9333	0	1701	46.538	2.28744	248	84	57	37	0.175019
14.9667	0	1704	46.579	2.28946	248	84	57	37	0.174988
15	0	1701	46.538	2.28744	248	83	57	37	0.175776
15.0333	0	1713	46.7018	2.29549	248	83	56	38	0.172499
15.0667	0	1713	46.7018	2.29549	248	83	56	38	0.172499
15.1	0	1713	46.7018	2.29549	248	83	56	38	0.172499
15.1333	0	1907	49.2754	2.42199	249	85	59	40	0.171788
15.1667	0	1907	49.2754	2.42199	249	85	59	40	0.171788
15.2	0	1907	49.2754	2.42199	249	85	59	40	0.171788
15.2333	0	1991	50.349	2.47476	249	84	61	39	0.175844
15.2667	0	1991	50.349	2.47476	249	84	61	39	0.175844
15.3	0	1991	50.349	2.47476	249	84	61	39	0.175844
15.3333	0	2087	51.5486	2.53372	249	84	62	40	0.176508
15.3667	0	2080	51.462	2.52947	249	85	62	40	0.17696
15.4	0	2080	51.462	2.52947	249	85	62	40	0.17696
15.4333	0	2170	52.5636	2.58361	247	84	62	42	0.173868
15.4667	0	2170	52.5636	2.58361	247	84	62	42	0.173868
15.5	0	2170	52.5636	2.58361	247	84	62	42	0.173868
15.5333	0	2117	51.9177	2.55187	247	84	62	41	0.174724
15.5667	0	2117	51.9177	2.55187	247	84	62	41	0.174724
15.6	0	2087	51.5486	2.53372	248	84	62	41	0.174244
15.6333	0	2041	50.9773	2.50564	248	84	62	40	0.175461
15.6667	0	2041	50.9773	2.50564	248	84	62	40	0.175461
15.7	0	2041	50.9773	2.50564	248	84	62	40	0.175461
15.7333	0	1669	46.0981	2.26582	247	83	56	36	0.176314
15.7667	0	1669	46.0981	2.26582	247	83	56	36	0.176314
15.8	0	1669	46.0981	2.26582	247	83	56	36	0.176314
15.8333	0	1640	45.6959	2.24605	247	83	56	36	0.176079
15.8667	0	1640	45.6959	2.24605	247	83	56	36	0.176079
15.9	0	1640	45.6959	2.24605	247	83	56	36	0.176079
15.9333	0	1595	45.0646	2.21502	247	84	55	35	0.176783
15.9667	0	1595	45.0646	2.21502	247	84	55	35	0.176783
16	0	1595	45.0646	2.21502	247	84	55	35	0.176783
16.0333	0	1598	45.107	2.2171	247	85	55	36	0.175992
16.0667	0	1598	45.107	2.2171	247	85	55	36	0.175992
16.1	0	1598	45.107	2.2171	247	85	55	36	0.175992
16.1333	0	1731	46.9466	2.30752	248	86	56	37	0.173118
16.1667	0	1731	46.9466	2.30752	248	86	56	37	0.173118
16.2	0	1731	46.9466	2.30752	248	86	56	37	0.173118
16.2333	0	1874	48.8472	2.40095	249	87	59	38	0.176529
16.2667	0	1874	48.8472	2.40095	249	87	59	38	0.176529
16.3	0	1874	48.8472	2.40095	249	87	59	38	0.176529
16.3333	0	2043	51.0023	2.50687	249	87	60	41	0.172225
16.3667	0	2043	51.0023	2.50687	249	87	60	41	0.172225
16.4	0	2043	51.0023	2.50687	249	87	60	41	0.172225
16.4333	0	2065	51.2761	2.52033	250	87	61	41	0.172887
16.4667	0	2065	51.2761	2.52033	250	87	61	41	0.172887
16.5	0	2065	51.2761	2.52033	250	87	61	41	0.172887
16.5333	0	1989	50.3237	2.47352	250	87	60	40	0.173805
16.5667	0	1989	50.3237	2.47352	250	87	60	40	0.173805
16.6	0	1989	50.3237	2.47352	250	87	60	40	0.173805
16.6333	0	1795	47.8066	2.34979	249	86	59	38	0.178736
16.6667	0	1795	47.8066	2.34979	249	86	59	38	0.178736
16.7	0	1702	46.5516	2.28811	248	87	56	37	0.17351
16.7333	0	1704	46.579	2.28946	248	87	56	37	0.173569
16.7667	0	1704	46.579	2.28946	248	87	56	37	0.173569
16.8	0	1704	46.579	2.28946	248	87	56	37	0.173569
16.8333	0	1679	46.236	2.2726	249	87	56	37	0.172652
16.8667	0	1679	46.236	2.2726	249	87	56	37	0.172652
16.9	0	1679	46.236	2.2726	249	87	56	37	0.172652
16.9333	0	1584	44.9089	2.20737	250	87	55	35	0.176115
16.9667	0	1573	44.7527	2.19969	250	87	54	35	0.175261
17	0	1573	44.7527	2.19969	250	87	54	35	0.175261
17.0333	0	1580	44.8522	2.20458	249	86	54	37	0.17244
17.0667	0	1580	44.8522	2.20458	249	86	54	37	0.17244
17.1	0	1580	44.8522	2.20458	249	86	54	37	0.17244
17.1333	0	1706	46.6063	2.2908	250	88	54	39	0.168346
17.1667	0	1703	46.5653	2.28878	250	88	54	39	0.168513
17.2	0	1703	46.5653	2.28878	250	88	54	39	0.168513
17.2333	0	1769	47.4591	2.33271	249	88	57	38	0.173637
17.2667	0	1771	47.4859	2.33403	249	88	57	38	0.173669
17.3	0	1771	47.4859	2.33403	249	88	57	38	0.173669
17.3333	0	1909	49.3013	2.42326	251	89	59	38	0.176074
17.3667	0	1909	49.3013	2.42326	251	89	59	38	0.176074
17.4	0	1912	49.34	2.42517	251	89	59	38	0.176013
17.4333	0	1735	47.0008	2.31019	250	88	54	40	0.167667
17.4667	0	1734	46.9872	2.30952	250	88	54	40	0.167618
17.5	0	1734	46.9872	2.30952	250	88	54	40	0.167618
17.5333	0	1788	47.7133	2.34521	252	89	55	40	0.167873
17.5667	0	1788	47.7133	2.34521	252	89	55	40	0.167873
17.6	0	1788	47.7133	2.34521	252	89	55	40	0.167873
17.6333	0	1821	48.1515	2.36675	251	89	57	40	0.169531
17.6667	0	1821	48.1515	2.36675	251	89	57	40	0.169531
17.7	0	1821	48.1515	2.36675	251	89	57	40	0.169531
17.7333	0	1830	48.2704	2.37259	252	88	57	41	0.169836
17.7667	0	1830	48.2704	2.37259	252	88	57	41	0.169836
17.8	0	2053	51.1269	2.513	251	89	60	44	0.168588
17.8333	0	2053	51.1269	2.513	251	89	60	44	0.168588
17.8667	0	2053	51.1269	2.513	251	89	60	44	0.168588
17.9	0	2390	55.1638	2.71142	251	90	63	47	0.166086
17.9333	0	2390	55.1638	2.71142	251	90	63	47	0.166086
17.9667	0	2390	55.1638	2.71142	251	90	63	47	0.166086
18	0	2533	56.7901	2.79136	251	89	67	47	0.170053
18.0333	0	2528	56.734	2.7886	251	89	67	47	0.170151
18.0667	0	2528	56.734	2.7886	251	89	67	47	0.170151
18.1	0	2528	56.734	2.7886	251	89	67	47	0.170151
18.1333	0	2635	57.9223	2.847	251	89	70	49	0.170906
18.1667	0	2635	57.9223	2.847	251	89	70	49	0.170906
18.2	0	2635	57.9223	2.847	251	89	70	49	0.170906
18.2333	0	2751	59.1835	2.90899	250	89	71	50	0.170914
18.2667	0	2751	59.1835	2.90899	250	89	71	50	0.17093
18.3	0	2751	59.1835	2.90899	250	89	71	50	0.17093
18.3333	0	2937	61.1515	3.00573	250	90	72	53	0.168824
18.3667	0	2936	61.1411	3.00522	250	90	72	53	0.168848
18.4	0	2936	61.1411	3.00522	250	90	72	53	0.168848
18.4333	0	3042	62.235	3.05898	250	89	74	54	0.169642
18.4667	0	3042	62.235	3.05898	250	89	74	54	0.169642
18.5	0	3042	62.235	3.05898	250	89	74	54	0.169642
18.5333	0	3160	63.4306	3.11775	251	89	75	55	0.169115
18.5667	0	3155	63.3804	3.11528	251	89	75	55	0.169298
18.6	0	3155	63.3804	3.11528	251	89	75	55	0.169298
18.6333	0	3252	64.3473	3.16281	251	89	78	54	0.171078
18.6667	0	3252	64.3473	3.16281	251	89	78	54	0.171078
18.7	0	3252	64.3473	3.16281	251	89	78	54	0.171078
18.7333	0	3376	65.5626	3.22254	251	89	79	56	0.170673
18.7667	0	3374	65.5432	3.22159	251	89	79	56	0.170709
18.8	0	3374	65.5432	3.22159	251	89	79	56	0.170709
18.8333	0	3472	66.4883	3.26804	251	89	80	56	0.171244
18.8667	0	3472	66.4883	3.26804	251	89	80	56	0.171244
18.9	0	3472	66.4883	3.26804	251	89	80	56	0.171244
18.9333	0	3508	66.8321	3.28494	251	89	80	57	0.17035
18.9667	0	3508	66.8321	3.28494	251	89	80	57	0.17035
19	0	3508	66.8321	3.28494	251	89	80	57	0.17035
19.0333	0	3508	66.8321	3.28494	251	90	80	57	0.170187
19.0667	0	3508	66.8321	3.28494	251	90	80	57	0.170187
19.1	0	3508	66.8321	3.28494	251	90	80	57	0.170187
19.1333	0	3545	67.1836	3.30222	251	90	81	58	0.171049
19.1667	0	3545	67.1836	3.30222	251	90	81	58	0.171054
19.2	0	3545	67.1836	3.30222	251	90	81	58	0.171054
19.2333	0	3574	67.4579	3.3157	251	90	82	58	0.170862
19.2667	0	3575	67.4673	3.31616	251	90	82	58	0.170894
19.3	0	3575	67.4673	3.31616	251	90	82	58	0.170894
19.3333	0	3739	68.9974	3.39137	252	91	81	57	0.170202
19.3667	0	3740	69.0067	3.39182	252	91	81	57	0.170247
19.4	0	3740	69.0067	3.39182	252	91	81	57	0.170247
19.4333	0	3672	68.3765	3.36085	252	91	82	58	0.168773
19.4667	0	3674	68.3951	3.36176	252	91	82	58	0.168794
19.5	0	3674	68.3951	3.36176	252	91	82	58	0.168794
19.5333	0	3815	69.6951	3.42566	252	91	83	59	0.170058
19.5667	0	3818	69.7225	3.42701	252	91	83	59	0.170129
19.6	0	3818	69.7225	3.42701	252	91	83	59	0.170129
19.6333	0	3760	69.1909	3.40088	251	91	83	59	0.16918
19.6667	0	3758	69.1725	3.39998	251	91	83	59	0.169173
19.7	0	3758	69.1725	3.39998	251	91	83	59	0.169173
19.7333	0	3773	69.3104	3.40676	251	91	83	58	0.169271
19.7667	0	3773	69.3104	3.40676	251	91	83	58	0.169271
19.8	0	3773	69.3104	3.40676	251	91	83	58	0.169271
19.8333	0	3823	69.7682	3.42925	251	91	84	59	0.169894
19.8667	0	3823	69.7682	3.42925	251	91	84	59	0.169894
19.9	0	3823	69.7682	3.42925	251	91	84	59	0.169894
19.9333	0	3930	70.7378	3.47691	251	91	85	60	0.169745
19.9667	0	3930	70.7378	3.47691	251	91	85	60	0.169745
20	0	3862	70.1231	3.4467	251	91	85	59	0.171507
20.0333	0	3864	70.1413	3.44759	252	91	85	57	0.172971
20.0667	0	3862	70.1231	3.4467	252	91	85	57	0.173026
20.1	0	3861	70.1141	3.44626	252	91	85	57	0.173061
20.1333	0	3856	70.0687	3.44402	252	91	85	56	0.17314
20.1667	0	3856	70.0687	3.44402	252	91	85	56	0.17314
20.2	0	4014	71.4898	3.51387	252	92	86	60	0.169999
20.2333	0	4014	71.4898	3.51387	252	92	86	60	0.169999
20.2667	0	4014	71.4898	3.51387	252	92	86	60	0.169999
20.3	0	4014	71.4898	3.51387	252	92	86	60	0.169999
20.3333	0	3920	70.6477	3.47249	252	91	86	57	0.173105
20.3667	0	3920	70.6477	3.47249	252	91	86	57	0.173105
20.4	0	3920	70.6477	3.47249	252	91	86	57	0.173105
20.4333	0	4139	72.5944	3.56817	253	92	87	60	0.169911
20.4667	0	4139	72.5944	3.56817	253	92	87	60	0.169911
20.5	0	3998	71.3472	3.50686	253	91	87	58	0.17227
20.5333	0	3998	71.3472	3.50686	253	91	87	58	0.17227
20.5667	0	3998	71.3472	3.50686	253	91	87	58	0.17227
20.6	0	3998	71.3472	3.50686	253	91	87	58	0.17227
20.6333	0	4027	71.6054	3.51956	253	92	86	60	0.169813
20.6667	0	4028	71.6143	3.52	253	92	86	60	0.169834
20.7	0	4028	71.6143	3.52	253	92	86	60	0.169834
20.7333	0	3992	71.2936	3.50423	252	92	86	60	0.170361
20.7667	0	3992	71.2936	3.50423	252	92	86	60	0.170361
20.8	0	3992	71.2936	3.50423	252	92	86	60	0.170361
20.8333	0	4025	71.5877	3.51869	252	92	86	60	0.170162
20.8667	0	4025	71.5877	3.51869	252	92	86	60	0.170162
20.9	0	4025	71.5877	3.51869	252	92	86	60	0.170162
20.9333	0	4158	72.7608	3.57635	253	92	87	61	0.169416
20.9667	0	4158	72.7608	3.57635	253	92	87	61	0.169416
21	0	4158	72.7608	3.57635	253	92	87	61	0.169416
21.0333	0	4195	73.0838	3.59223	253	92	88	62	0.170397
21.0667	0	4195	73.0838	3.59223	253	92	88	62	0.170397
21.1	0	4195	73.0838	3.59223	253	92	88	62	0.170397
21.1333	0	4189	73.0315	3.58966	252	92	88	62	0.170792
21.1667	0	4189	73.0315	3.58966	252	92	88	62	0.170792
21.2	0	4189	73.0315	3.58966	252	92	88	62	0.170792
21.2333	0	4210	73.2144	3.59864	252	93	88	61	0.170229
21.2667	0	4217	73.2752	3.60163	252	93	88	61	0.17005
21.3	0	4051	71.8185	3.53003	253	92	87	58	0.172383
21.3333	0	4051	71.8185	3.53003	253	92	87	58	0.172383
21.3667	0	4051	71.8185	3.53003	253	92	87	58	0.172383
21.4	0	4051	71.8185	3.53003	253	92	87	58	0.172383
21.4333	0	4209	73.2057	3.59821	253	92	87	60	0.169531
21.4667	0	4208	73.197	3.59779	253	92	87	60	0.169547
21.5	0	4208	73.197	3.59779	253	92	87	60	0.169547
21.5333	0	4097	72.2251	3.55002	253	91	89	57	0.173886
21.5667	0	4096	72.2163	3.54958	253	91	89	57	0.173856
21.6	0	4096	72.2163	3.54958	253	91	89	57	0.173856
21.6333	0	4239	73.4661	3.61101	253	92	89	61	0.170783
21.6667	0	4249	73.5527	3.61527	253	92	89	61	0.170546
21.7	0	4249	73.5527	3.61527	253	92	89	61	0.170546
21.7333	0	4225	73.3447	3.60505	252	91	88	62	0.170312
21.7667	0	4225	73.3447	3.60505	252	91	88	62	0.170312
21.8	0	4225	73.3447	3.60505	252	91	88	62	0.170312
21.8333	0	4325	74.2076	3.64746	252	91	90	63	0.170099
21.8667	0	4305	74.0358	3.63902	252	91	90	63	0.170635
21.9	0	4305	74.0358	3.63902	252	91	90	63	0.170635
21.9333	0	4406	74.8993	3.68146	252	91	91	63	0.171114
21.9667	0	4406	74.8993	3.68146	252	91	91	63	0.171114
22	0	4406	74.8993	3.68146	252	91	91	63	0.171114
22.0333	0	4351	74.4303	3.65841	253	91	91	61	0.172751
22.0667	0	4351	74.4303	3.65841	253	91	91	61	0.172751
22.1	0	4351	74.4303	3.65841	253	91	91	61	0.172751
22.1333	0	4386	74.7291	3.67309	253	91	90	63	0.170366
22.1667	0	4386	74.7291	3.67309	253	91	90	63	0.170366
22.2	0	4386	74.7291	3.67309	253	91	90	63	0.170366
22.2333	0	4339	74.3276	3.65336	253	91	91	63	0.171911
22.2667	0	4339	74.3276	3.65336	253	91	91	63	0.171911
22.3	0	4339	74.3276	3.65336	253	91	91	63	0.171911
22.3333	0	4351	74.4303	3.65841	253	91	90	63	0.171832
22.3667	0	4348	74.4046	3.65715	253	91	90	63	0.171875
22.4	0	4546	76.0799	3.73949	253	92	92	64	0.169838
22.4333	0	4533	75.971	3.73414	253	92	92	64	0.170093
22.4667	0	4533	75.971	3.73414	253	92	92	64	0.170093
22.5	0	4533	75.971	3.73414	253	92	92	64	0.170093
22.5333	0	4595	76.4888	3.75959	253	92	93	64	0.170521
22.5667	0	4595	76.4888	3.75959	253	92	93	64	0.170521
22.6	0	4595	76.4888	3.75959	253	92	93	64	0.170521
22.6333	0	4726	77.5715	3.8128	253	92	93	65	0.169539
22.6667	0	4727	77.5797	3.81321	253	92	93	65	0.169562
22.7	0	4727	77.5797	3.81321	253	92	93	65	0.169562
22.7333	0	4749	77.76	3.82207	253	92	93	67	0.169294
22.7667	0	4749	77.76	3.82207	253	92	93	67	0.169294
22.8	0	4749	77.76	3.82207	253	92	93	67	0.169294
22.8333	0	4697	77.3331	3.80109	252	91	94	65	0.171297
22.8667	0	4698	77.3414	3.80149	252	91	94	65	0.171284
22.9	0	4698	77.3414	3.80149	252	91	94	65	0.171284
22.9333	0	4746	77.7354	3.82086	253	92	93	67	0.169422
22.9667	0	4745	77.7273	3.82046	253	92	93	67	0.169435
23	0	4745	77.7273	3.82046	253	92	93	67	0.169435
23.0333	0	4745	77.7273	3.82046	253	92	95	66	0.170754
23.0667	0	4746	77.7354	3.82086	253	92	95	66	0.170778
23.1	0	4743	77.7109	3.81965	253	92	94	64	0.170887
23.1333	0	4743	77.7109	3.81965	253	92	94	64	0.170887
23.1667	0	4743	77.7109	3.81965	253	92	94	64	0.170887
23.2	0	4743	77.7109	3.81965	253	92	94	64	0.170887
23.2333	0	4786	78.0623	3.83693	253	92	95	67	0.170082
23.2667	0	4785	78.0542	3.83653	253	92	95	67	0.170102
23.3	0	4785	78.0542	3.83653	253	92	95	67	0.170102
23.3333	0	4699	77.3496	3.8019	253	92	94	65	0.171386
23.3667	0	4699	77.3496	3.8019	253	92	94	65	0.171386
23.4	0	4699	77.3496	3.8019	253	92	94	65	0.171386
23.4333	0	4699	77.3496	3.8019	253	92	94	65	0.171386
23.4667	0	4798	78.1601	3.84174	253	92	94	67	0.169865
23.5	0	4822	78.3554	3.85133	254	92	94	67	0.169839
23.5333	0	4646	76.9121	3.78039	253	91	94	62	0.173234
23.5667	0	4646	76.9121	3.78039	253	91	94	62	0.173234
23.6	0	4923	79.1717	3.89146	255	92	96	67	0.170134
23.6333	0	4921	79.1557	3.89067	255	92	96	67	0.170133
23.6667	0	4921	79.1557	3.89067	255	92	96	67	0.170133
23.7	0	4921	79.1557	3.89067	255	92	96	67	0.170133
23.7333	0	4773	77.9563	3.83172	255	92	94	67	0.169984
23.7667	0	4773	77.9563	3.83172	255	92	94	67	0.169984
23.8	0	4773	77.9563	3.83172	255	92	94	67	0.169984
23.8333	0	4710	77.4401	3.80634	255	92	94	67	0.169935
23.8667	0	4710	77.4401	3.80634	255	92	94	67	0.169935
23.9	0	4559	76.1886	3.74483	255	92	92	65	0.170064
23.9333	0	4559	76.1886	3.74483	255	92	92	65	0.170049
23.9667	0	4559	76.1886	3.74483	255	92	92	65	0.170049
24	0	4559	76.1886	3.74483	255	92	92	65	0.170049
24.0333	0	4426	75.0691	3.6898	256	92	91	63	0.170965
24.0667	0	4426	75.0691	3.6898	256	92	91	63	0.170965
24.1	0	4426	75.0691	3.6898	256	92	91	63	0.170965
24.1333	0	4351	74.4303	3.65841	255	92	91	61	0.171696
24.1667	0	4351	74.4303	3.65841	255	92	91	61	0.171696
24.2	0	4351	74.4303	3.65841	255	92	91	61	0.171696
24.2333	0	4309	74.0702	3.64071	255	92	90	62	0.171048
24.2667	0	4309	74.0702	3.64071	255	92	90	62	0.171048
24.3	0	4309	74.0702	3.64071	255	92	90	62	0.171048
24.3333	0	4271	73.7429	3.62462	255	91	90	61	0.171757
24.3667	0	4271	73.7429	3.62462	255	91	90	61	0.171757
24.4	0	4271	73.7429	3.62462	255	91	90	61	0.171757
24.4333	0	4391	74.7716	3.67519	255	92	90	63	0.170359
24.4667	0	4395	74.8057	3.67686	255	92	90	63	0.170268
24.5	0	4536	75.9962	3.73537	255	92	92	65	0.169869
24.5333	0	4535	75.9878	3.73496	255	92	92	65	0.169849
24.5667	0	4535	75.9878	3.73496	255	92	92	65	0.169849
24.6	0	4535	75.9878	3.73496	255	92	92	65	0.169849
24.6333	0	4486	75.5762	3.71473	255	92	92	62	0.170847
24.6667	0	4479	75.5172	3.71183	255	92	92	62	0.170919
24.7	0	4479	75.5172	3.71183	255	92	92	62	0.170919
24.7333	0	4491	75.6183	3.7168	255	92	91	63	0.170242
24.7667	0	4491	75.6183	3.7168	255	92	91	63	0.170242
24.8	0	4491	75.6183	3.7168	255	92	91	63	0.170242
24.8333	0	4504	75.7276	3.72217	256	92	92	63	0.170743
24.8667	0	4504	75.7276	3.72217	256	92	92	63	0.170743
24.9	0	4504	75.7276	3.72217	256	92	92	63	0.170743
24.9333	0	4585	76.4056	3.7555	257	92	92	65	0.169908
24.9667	0	4585	76.4056	3.7555	257	92	92	65	0.169908
25	0	4606	76.5803	3.76409	257	92	92	64	0.169765
25.0333	0	4583	76.3889	3.75468	257	92	92	65	0.170191
25.0667	0	4578	76.3472	3.75263	257	92	92	65	0.170307
25.1	0	4578	76.3472	3.75263	257	92	92	65	0.170307
25.1333	0	4547	76.0883	3.7399	257	92	92	63	0.170367
25.1667	0	4548	76.0966	3.74031	257	92	92	63	0.170394
25.2	0	4548	76.0966	3.74031	257	92	92	63	0.170394
25.2333	0	4516	75.8285	3.72713	257	92	92	63	0.170969
25.2667	0	4516	75.8285	3.72713	257	92	92	63	0.170969
25.3	0	4516	75.8285	3.72713	257	92	92	63	0.170969
25.3333	0	4493	75.6351	3.71763	257	91	92	62	0.172309
25.3667	0	4492	75.6267	3.71721	257	91	92	62	0.172338
25.4	0	4492	75.6267	3.71721	257	91	92	62	0.172338
25.4333	0	4602	76.5471	3.76245	257	93	92	66	0.170099
25.4667	0	4603	76.5554	3.76286	257	93	92	66	0.170121
25.5	0	4603	76.5554	3.76286	257	93	92	66	0.170121
25.5333	0	4588	76.4305	3.75672	257	92	92	64	0.170673
25.5667	0	4588	76.4305	3.75672	257	92	92	64	0.170673
25.6	0	4575	76.3222	3.7514	258	92	92	64	0.170754
25.6333	0	4575	76.3222	3.7514	258	92	92	64	0.170754
25.6667	0	4575	76.3222	3.7514	258	92	92	64	0.170754
25.7	0	4575	76.3222	3.7514	258	92	92	64	0.170754
25.7333	0	4585	76.4056	3.7555	258	92	93	64	0.171471
25.7667	0	4584	76.3972	3.75509	258	92	93	64	0.17146
25.8	0	4584	76.3972	3.75509	258	92	93	64	0.17146
25.8333	0	4503	75.7192	3.72176	258	92	93	62	0.172372
25.8667	0	4503	75.7192	3.72176	258	92	93	62	0.172372
25.9	0	4503	75.7192	3.72176	258	92	93	62	0.172372
25.9333	0	4356	74.4731	3.66051	258	92	91	62	0.172296
25.9667	0	4357	74.4816	3.66093	258	92	91	62	0.172277
26	0	4357	74.4816	3.66093	258	92	91	62	0.172277
26.0333	0	4317	74.1389	3.64409	258	92	90	62	0.172223
26.0667	0	4318	74.1475	3.64451	258	92	90	62	0.172194
26.1	0	4318	74.1475	3.64451	258	92	90	62	0.172194
26.1333	0	4337	74.3105	3.65252	259	92	90	62	0.17168
26.1667	0	4337	74.3105	3.65252	259	92	90	62	0.17168
26.2	0	4337	74.3105	3.65252	259	92	90	62	0.17168
26.2333	0	4273	73.7601	3.62547	259	91	91	60	0.173583
26.2667	0	4273	73.7601	3.62547	259	91	91	60	0.173583
26.3	0	4273	73.7601	3.62547	259	91	91	60	0.173583
26.3333	0	4432	75.1199	3.6923	258	92	91	63	0.170684
26.3667	0	4432	75.1199	3.6923	258	92	91	63	0.170733
26.4	0	4432	75.1199	3.6923	258	92	91	63	0.170733
26.4333	0	4370	74.5926	3.66639	258	91	92	62	0.173051
26.4667	0	4373	74.6182	3.66764	258	91	92	62	0.173129
26.5	0	4373	74.6182	3.66764	258	91	92	62	0.173129
26.5333	0	4507	75.7529	3.72341	259	92	91	64	0.169801
26.5667	0	4508	75.7613	3.72383	259	92	91	64	0.169873
26.6	0	4508	75.7613	3.72383	259	92	91	64	0.169873
26.6333	0	4516	75.8285	3.72713	259	92	92	64	0.170714
26.6667	0	4516	75.8285	3.72713	259	92	92	64	0.170714
26.7	0	4516	75.8285	3.72713	259	92	92	64	0.170714
26.7333	0	4674	77.1435	3.79177	259	92	94	65	0.170633
26.7667	0	4673	77.1353	3.79136	259	92	94	65	0.170683
26.8	0	4673	77.1353	3.79136	259	92	94	65	0.170683
26.8333	0	4757	77.8255	3.82529	258	91	95	65	0.171583
26.8667	0	4757	77.8255	3.82529	258	91	95	65	0.171583
26.9	0	4757	77.8255	3.82529	258	91	95	65	0.171583
26.9333	0	4859	78.6554	3.86608	258	91	96	67	0.172066
26.9667	0	4859	78.6554	3.86608	258	91	96	67	0.172066
27	0	4859	78.6554	3.86608	258	91	96	67	0.172066
27.0333	0	4859	78.6554	3.86608	258	91	96	67	0.172066
27.0667	0	4892	78.9221	3.87919	259	91	97	65	0.172847
27.1	0	4892	78.9221	3.87919	259	91	97	65	0.172847
27.1333	0	4900	78.9866	3.88236	259	92	97	67	0.172091
27.1667	0	4900	78.9866	3.88236	259	92	97	67	0.172091
27.2	0	4900	78.9866	3.88236	259	92	97	67	0.172091
27.2333	0	4748	77.7518	3.82167	259	92	95	63	0.172878
27.2667	0	4747	77.7436	3.82127	259	92	95	63	0.172888
27.3	0	4747	77.7436	3.82127	259	92	95	63	0.172888
27.3333	0	4747	77.7436	3.82127	259	92	95	63	0.172888
27.3667	0	4854	78.6149	3.86409	259	93	94	67	0.169084
27.4	0	4854	78.6149	3.86409	259	93	94	67	0.169084
27.4333	0	4578	76.3472	3.75263	259	92	94	63	0.17355
27.4667	0	4578	76.3472	3.75263	259	92	94	63	0.17355
27.5	0	4578	76.3472	3.75263	259	92	94	63	0.17355
27.5333	0	4631	76.7879	3.77429	262	91	93	66	0.171351
27.5667	0	4631	76.7879	3.77429	262	91	93	66	0.171315
27.6	0	4631	76.7879	3.77429	262	91	93	66	0.171315
27.6333	0	4679	77.1848	3.7938	262	91	94	65	0.170988
27.6667	0	4680	77.193	3.7942	262	91	94	65	0.170977
27.7	0	4680	77.193	3.7942	262	91	94	65	0.170977
27.7333	0	4618	76.68	3.76899	262	91	93	64	0.17091
27.7667	0	4618	76.68	3.76899	262	91	93	64	0.17091
27.8	0	4618	76.68	3.76899	262	91	93	64	0.17091
27.8333	0	4524	75.8956	3.73043	261	91	92	64	0.170584
27.8667	0	4514	75.8117	3.7263	261	91	92	64	0.170859
27.9	0	4514	75.8117	3.7263	261	91	92	64	0.170859
27.9333	0	4497	75.6688	3.71928	261	90	91	65	0.169865
27.9667	0	4497	75.6688	3.71928	261	90	91	65	0.169865
28	0	4497	75.6688	3.71928	261	90	91	65	0.169865
28.0333	0	4515	75.8201	3.72672	261	90	92	62	0.171961
28.0667	0	4515	75.8201	3.72672	261	90	92	62	0.171961
28.1	0	4515	75.8201	3.72672	261	90	92	62	0.171961
28.1333	0	4636	76.8293	3.77632	261	91	93	65	0.17073
28.1667	0	4636	76.8293	3.77632	261	91	93	65	0.17073
28.2	0	4636	76.8293	3.77632	261	91	93	65	0.17073
28.2333	0	4571	76.2888	3.74976	261	90	94	62	0.173214
28.2667	0	4570	76.2805	3.74935	261	90	94	62	0.173244
28.3	0	4570	76.2805	3.74935	261	90	94	62	0.173244
28.3333	0	4806	78.2253	3.84494	261	91	94	65	0.169808
28.3667	0	4807	78.2334	3.84534	261	91	94	65	0.169795
28.4	0	4807	78.2334	3.84534	261	91	94	65	0.169795
28.4333	0	4626	76.7464	3.77225	262	91	95	61	0.174855
28.4667	0	4626	76.7464	3.77225	262	91	95	61	0.174855
28.5	0	4626	76.7464	3.77225	262	91	95	61	0.174855
28.5333	0	4712	77.4565	3.80715	261	91	94	65	0.170549
28.5667	0	4718	77.5058	3.80957	261	91	94	65	0.170537
28.6	0	4718	77.5058	3.80957	261	91	94	65	0.170537
28.6333	0	4611	76.6219	3.76613	261	91	92	65	0.169665
28.6667	0	4611	76.6219	3.76613	261	91	92	65	0.169668
28.7	0	4611	76.6219	3.76613	261	91	92	65	0.169668
28.7333	0	4531	75.9543	3.73331	261	91	92	64	0.170146
