observer_name,spatial_frequency,type_grating,reversal,reversal_mean,sensitivity
kh,0.0398,Compound,"[0.79432, 1.122, 0.79432, 1.122, 0.56234, 0.79432, 0.3981, 1.122]",0.8386750000000001,1.1923569916833099
kh,0.0398,Equiluminance,"[4.4668, 6.3095, 1.5848, 4.4668, 1.5848, 6.3095, 4.4668, 6.3095]",4.4373125,0.2253616349986619
kh,0.0398,Luminance,"[2.2387, 3.1622, 2.2387, 4.4668, 1.5848, 2.2387, 1.5848, 3.1622]",2.5846125,0.38690519371859416
kh,0.0631,Compound,"[0.79432, 1.122, 0.56234, 1.5848, 0.3981, 0.56234, 0.3981, 0.79432, 1.122, 2.2387, 1.5848, 3.1622, 0.56234, 1.5848, 1.122, 1.5848]",1.1986225,0.8342910299114192
kh,0.0631,Luminance,"[6.3095, 3.1622, 4.4668, 3.1622, 4.4668, 6.3095, 1.5848, 2.2387]",3.9625624999999998,0.2523619501269696
kh,0.1,Compound,"[0.14125, 0.3981, 0.28183, 0.79432, 0.3981, 0.79432, 0.56234, 0.79432, 0.56234, 0.3981, 0.56234, 0.3981, 0.14125, 0.19952, 0.14125, 0.3981, 0.79432, 1.122, 0.79432, 1.122, 0.3981, 0.79432, 0.56234, 1.122, 0.3981, 0.56234, 0.3981, 0.56234, 0.19952, 0.3981, 0.28183, 0.56234, 0.56234, 0.79432, 0.19952, 0.28183, 0.56234, 1.122, 0.28183, 0.3981, 0.070794, 0.14125, 0.0, 0.14125, 0.19952, 0.3981, 0.28183, 0.3981, 0.3981, 0.56234, 0.19952, 0.79432, 0.56234, 0.79432, 0.56234, 0.79432, 0.3981, 0.19952, 0.28183, 0.19952, 0.19952, 0.0, 0.19952, 0.14125]",0.45558803124999997,2.1949654762797284
kh,0.1,Equiluminance,"[3.1622, 6.3095, 4.4668, 6.3095, 6.3095, 4.4668, 6.3095, 3.1622, 3.1622, 6.3095, 4.4668, 6.3095, 3.1622, 4.4668, 3.1622, 4.4668, 3.1622, 4.4668, 3.1622, 4.4668, 2.2387, 4.4668, 0.79432, 2.2387]",4.208271666666667,0.2376272444388294
kh,0.1,Luminance,"[3.1622, 1.5848, 3.1622, 2.2387, 1.122, 6.3095, 4.4668, 6.3095, 2.2387, 1.5848, 3.1622, 1.5848, 1.122, 2.2387, 1.5848, 6.3095, 0.79432, 1.122, 0.79432, 1.122, 1.5848, 2.2387, 0.79432, 1.122]",2.4064025,0.415558078916557
kh,0.158,Compound,"[0.28183, 0.56234, 0.19952, 0.3981, 0.3981, 0.28183, 0.3981, 0.050118, 0.3981, 0.79432, 0.19952, 0.56234, 0.19952, 0.28183, 0.0, 0.14125, 0.19952, 0.28183, 0.19952, 0.3981, 0.28183, 0.56234, 0.3981, 0.56234, 0.3981, 0.56234, 0.3981, 0.79432, 0.19952, 0.3981, 0.19952, 0.79432, 0.56234, 0.79432, 0.56234, 0.79432, 0.56234, 0.79432, 0.56234, 0.79432, 0.28183, 0.56234, 0.3981, 0.56234, 0.56234, 0.19952, 0.28183, 0.19952, 0.56234, 0.79432, 0.3981, 0.56234, 0.56234, 0.79432, 0.56234, 0.79432, 0.28183, 0.3981, 0.28183, 0.3981, 0.3981, 0.56234, 0.19952, 0.3981]",0.44058621875000004,2.269703312185136
kh,0.158,Equiluminance,"[4.4668, 8.9125, 2.2387, 3.1622, 3.1622, 4.4668, 3.1622, 6.3095, 3.1622, 4.4668, 1.122, 8.9125, 3.1622, 8.9125, 6.3095, 8.9125, 4.4668, 6.3095, 4.4668, 8.9125, 4.4668, 6.3095, 3.1622, 4.4668]",5.14175,0.1944863130257208
kh,0.158,Luminance,"[0.79432, 1.122, 0.79432, 1.122, 1.122, 0.79432, 1.122, 0.79432, 1.122, 0.56234, 2.2387, 1.5848, 0.79432, 1.122, 0.79432, 2.2387, 1.5848, 2.2387, 0.79432, 1.122, 0.28183, 1.122, 0.79432, 1.5848]",1.1518845833333333,0.8681425330879866
kh,0.251,Compound,"[0.14125, 0.28183, 0.19952, 0.28183, 0.19952, 0.28183, 0.19952, 0.28183, 0.28183, 0.14125, 0.56234, 0.3981, 0.28183, 0.56234, 0.28183, 0.3981, 0.28183, 0.19952, 0.79432, 0.56234, 0.28183, 0.3981, 0.28183, 1.122, 0.56234, 0.79432, 0.56234, 1.122, 0.56234, 1.122, 0.56234, 0.79432, 0.19952, 0.56234, 0.3981, 0.56234, 0.19952, 0.28183, 0.19952, 0.56234, 0.19952, 0.3981, 0.28183, 0.3981, 0.0, 0.14125, 0.0, 0.79432, 0.28183, 0.79432, 0.56234, 0.79432, 0.56234, 0.79432, 0.19952, 0.28183, 0.3981, 0.56234, 0.3981, 0.79432, 0.56234, 1.122, 0.56234, 0.79432, 0.3981, 0.56234, 0.28183, 0.3981, 0.28183, 0.3981, 0.19952, 0.28183, 0.79432, 2.2387, 1.122, 1.5848, 1.122, 1.5848, 0.56234, 0.79432]",0.5253344999999999,1.9035490720674164
kh,0.251,Equiluminance,"[12.589, 17.782, 4.4668, 8.9125, 8.9125, 17.782, 12.589, 17.782, 4.4668, 8.9125, 3.1622, 4.4668, 4.4668, 6.3095, 3.1622, 4.4668, 4.4668, 6.3095, 4.4668, 6.3095, 3.1622, 8.9125, 4.4668, 12.589]",7.954687500000001,0.12571204085641327
kh,0.251,Luminance,"[0.79432, 0.56234, 0.79432, 0.56234, 0.79432, 1.5848, 1.122, 1.5848, 1.5848, 0.79432, 1.5848, 1.122, 0.28183, 0.79432, 0.56234, 1.5848, 0.56234, 0.3981, 0.79432, 0.3981, 0.56234, 1.122, 0.79432, 1.122]",0.9109154166666666,1.0977967676289009
kh,0.398,Compound,"[0.28183, 0.3981, 0.28183, 0.3981, 0.19952, 0.79432, 0.28183, 0.56234, 0.56234, 0.3981, 0.56234, 0.28183, 0.3981, 0.56234, 0.3981, 0.56234, 0.79432, 1.122, 0.3981, 0.56234, 0.56234, 1.122, 0.79432, 1.122, 0.79432, 1.5848, 0.79432, 1.5848, 0.79432, 1.122, 0.56234, 0.79432]",0.66975,1.4930944382232176
kh,0.398,Equiluminance,"[12.589, 8.9125, 12.589, 3.1622, 2.2387, 4.4668, 3.1622, 4.4668, 6.3095, 8.9125, 6.3095, 12.589, 2.2387, 6.3095, 3.1622, 8.9125]",6.6456625,0.15047408742168294
kh,0.398,Luminance,"[0.79432, 1.122, 0.79432, 1.122, 0.56234, 1.5848, 0.3981, 0.56234, 0.28183, 0.3981, 0.28183, 1.122, 0.19952, 0.28183, 0.19952, 0.79432]",0.6561981250000001,1.5239299868465792
kh,0.631,Compound,"[2.2387, 3.1622, 2.2387, 3.1622, 8.9125, 3.1622, 6.3095, 3.1622, 3.1622, 4.4668, 1.5848, 2.2387, 3.1622, 6.3095, 4.4668, 6.3095, 4.4668, 6.3095, 3.1622, 8.9125, 3.1622, 4.4668, 3.1622, 4.4668, 0.3981, 0.28183, 1.122, 0.3981, 0.56234, 0.79432, 0.19952, 0.3981, 0.3981, 0.19952, 0.3981, 0.28183, 0.56234, 0.79432, 0.56234, 0.79432]",2.7575719999999997,0.36263785678125543
kh,0.631,Equiluminance,"[0.56234, 2.2387, 1.5848, 6.3095, 2.2387, 6.3095, 3.1622, 6.3095, 6.3095, 8.9125, 4.4668, 6.3095, 3.1622, 6.3095, 3.1622, 4.4668, 3.1622, 2.2387, 3.1622, 1.5848, 1.122, 3.1622, 1.122, 2.2387]",3.733626666666666,0.2678360985922535
kh,0.631,Luminance,"[0.79432, 1.122, 0.56234, 0.79432, 1.5848, 2.2387, 1.122, 1.5848, 0.79432, 0.28183, 0.3981, 0.28183, 0.56234, 1.122, 0.56234, 0.79432, 0.3981, 0.79432, 0.56234, 1.5848, 0.79432, 1.122, 0.79432, 1.5848]",0.9264733333333334,1.0793618812558015
kh,1.0,Compound,"[0.79432, 1.122, 0.56234, 0.79432, 0.070794, 0.28183, 0.19952, 0.56234, 1.122, 1.5848, 0.79432, 2.2387, 0.56234, 0.79432, 0.56234, 0.79432, 3.1622, 4.4668, 3.1622, 6.3095, 3.1622, 8.9125, 6.3095, 8.9125, 12.589, 8.9125, 17.782, 2.2387, 2.2387, 4.4668, 2.2387, 4.4668, 0.79432, 1.122, 0.79432, 2.2387, 1.5848, 1.122, 3.1622, 1.5848, 3.1622, 4.4668, 3.1622, 6.3095, 6.3095, 4.4668, 8.9125, 6.3095, 8.9125, 4.4668, 8.9125, 1.5848, 12.589, 3.1622, 4.4668, 3.1622, 0.3981, 0.56234, 0.3981, 0.79432, 1.5848, 2.2387, 1.122, 2.2387, 3.1622, 12.589, 1.5848, 4.4668, 3.1622, 4.4668, 3.1622, 6.3095]",3.655148666666666,0.27358668311348217
kh,1.0,Equiluminance,"[4.4668, 6.3095, 4.4668, 8.9125, 4.4668, 3.1622, 4.4668, 3.1622, 1.122, 3.1622, 1.5848, 3.1622, 2.2387, 4.4668, 1.5848, 2.2387, 4.4668, 12.589, 8.9125, 17.782, 8.9125, 6.3095, 17.782, 8.9125]",6.026691666666667,0.16592851523016358
kh,1.0,Luminance,"[1.5848, 1.122, 1.5848, 0.79432, 0.56234, 1.122, 0.79432, 1.122, 0.56234, 0.79432, 0.56234, 0.79432, 0.56234, 1.122, 0.79432, 1.122, 3.1622, 0.79432, 1.122, 0.56234, 1.122, 1.5848, 1.122, 1.5848]",1.0856258333333335,0.9211276752042408
kh,1.585,Compound,"[1.5848, 2.2387, 0.79432, 1.122, 1.122, 0.79432, 3.1622, 2.2387, 6.3095, 8.9125, 6.3095, 8.9125, 4.4668, 2.2387, 3.1622, 2.2387, 4.4668, 8.9125, 3.1622, 6.3095, 3.1622, 8.9125, 6.3095, 8.9125, 3.1622, 4.4668, 3.1622, 4.4668, 6.3095, 1.5848, 2.2387, 1.5848, 6.3095, 2.2387, 4.4668, 2.2387, 3.1622, 8.9125, 6.3095, 8.9125, 0.79432, 1.122, 0.79432, 1.5848, 1.5848, 1.122, 1.5848, 1.122]",3.8539662500000005,0.25947295205296617
kh,1.585,Equiluminance,"[35.481, 25.118, 35.481, 17.782, 35.481, 25.118, 35.481, 25.118, 1.122, 3.1622, 0.79432, 2.2387, 2.2387, 3.1622, 2.2387, 6.3095, 12.589, 6.3095, 12.589, 6.3095, 17.782, 8.9125, 17.782, 12.589]",14.632867500000001,0.06833930533437824
kh,1.585,Luminance,"[0.3981, 1.5848, 0.3981, 0.56234, 0.79432, 1.122, 0.79432, 2.2387, 17.782, 25.118, 17.782, 25.118, 50.118, 17.782, 50.118, 35.481, 3.1622, 6.3095, 4.4668, 6.3095, 2.2387, 4.4668, 1.122, 4.4668]",11.6555825,0.08579579785051498
mj,0.0398,Compound,"[1.122, 1.5848, 0.79432, 1.122, 0.79432, 1.122, 0.79432, 1.122]",1.0569700000000002,0.9461006461867412
mj,0.0398,Equiluminance,"[1.5848, 2.2387, 1.122, 2.2387, 1.5848, 3.1622, 2.2387, 3.1622]",2.1665125,0.46157130411202335
mj,0.0398,Luminance,"[3.1622, 8.9125, 4.4668, 8.9125, 3.1622, 8.9125, 4.4668, 6.3095]",6.038125,0.16561432563916778
mj,0.0631,Compound,"[0.3981, 0.56234, 0.3981, 0.56234, 0.28183, 0.3981, 0.19952, 0.79432]",0.44933125,2.2255296064985464
mj,0.0631,Equiluminance,"[1.122, 1.5848, 1.122, 3.1622, 6.3095, 2.2387, 3.1622, 1.5848]",2.535775,0.39435675483826443
mj,0.0631,Luminance,"[4.4668, 6.3095, 3.1622, 6.3095, 1.122, 6.3095, 3.1622, 6.3095]",4.6438999999999995,0.2153362475505502
mj,0.1,Compound,"[0.28183, 0.56234, 0.3981, 1.122, 0.56234, 0.79432, 0.56234, 1.5848, 0.28183, 0.56234, 0.3981, 0.79432, 0.28183, 0.3981, 0.28183, 0.56234, 0.3981, 0.79432, 0.3981, 1.122, 0.28183, 0.56234, 0.19952, 0.56234, 0.56234, 0.79432, 0.3981, 0.56234, 0.19952, 0.3981, 0.28183, 0.79432, 0.56234, 2.2387, 1.5848, 3.1622, 0.56234, 0.79432, 0.56234, 1.122, 0.3981, 1.122, 0.79432, 1.122, 0.79432, 0.56234, 1.122, 0.79432]",0.7299295833333334,1.3699951650587299
mj,0.1,Equiluminance,"[1.5848, 3.1622, 1.122, 1.5848, 1.122, 1.5848, 0.79432, 1.5848, 3.1622, 6.3095, 4.4668, 8.9125, 3.1622, 4.4668, 3.1622, 6.3095, 1.5848, 2.2387, 1.5848, 2.2387, 1.122, 2.2387, 1.122, 1.5848]",2.75858,0.3625053469538676
mj,0.1,Luminance,"[1.5848, 2.2387, 0.79432, 3.1622, 1.5848, 4.4668, 1.5848, 4.4668, 2.2387, 4.4668, 2.2387, 3.1622, 1.122, 4.4668, 1.5848, 4.4668, 2.2387, 3.1622, 2.2387, 3.1622, 3.1622, 4.4668, 2.2387, 3.1622]",2.810905,0.3557573094786199
mj,0.126,Luminance,"[1.5848, 2.2387, 1.5848, 3.1622, 1.122, 1.5848, 0.79432, 2.2387]",1.7887899999999999,0.5590371144740299
mj,0.158,Compound,"[0.28183, 1.122, 0.56234, 0.79432, 0.56234, 0.79432, 0.56234, 1.122, 0.56234, 0.79432, 0.3981, 0.79432, 0.3981, 0.56234, 0.3981, 0.56234, 0.19952, 0.28183, 0.19952, 0.79432, 2.2387, 3.1622, 0.56234, 1.122, 0.56234, 1.5848, 1.122, 2.2387, 0.56234, 1.122, 0.79432, 1.122, 0.3981, 1.122, 0.56234, 0.79432, 0.14125, 0.28183, 0.19952, 0.28183, 0.56234, 1.122, 0.3981, 0.56234, 0.28183, 0.56234, 0.28183, 0.79432]",0.7559722916666667,1.322799804997262
mj,0.158,Equiluminance,"[1.5848, 2.2387, 1.122, 2.2387, 1.122, 1.5848, 1.122, 1.5848, 1.5848, 2.2387, 1.122, 1.5848, 1.122, 3.1622, 1.5848, 2.2387, 1.5848, 2.2387, 1.122, 1.5848, 1.122, 1.5848, 1.122, 2.2387]",1.6597333333333335,0.6025064267352185
mj,0.158,Luminance,"[1.5848, 6.3095, 4.4668, 6.3095, 2.2387, 3.1622, 2.2387, 3.1622, 1.122, 3.1622, 1.5848, 3.1622, 0.3981, 0.56234, 0.3981, 0.56234, 1.122, 1.5848, 1.122, 1.5848, 1.5848, 2.2387, 0.79432, 1.122]",2.1490791666666667,0.4653155712039459
mj,0.251,Compound,"[0.56234, 0.79432, 0.56234, 1.122, 0.3981, 0.79432, 0.56234, 1.122, 0.14125, 0.3981, 0.19952, 0.56234, 0.3981, 1.122, 0.3981, 0.79432, 0.3981, 0.56234, 0.3981, 0.56234, 0.3981, 0.56234, 0.3981, 0.79432, 0.56234, 0.79432, 0.3981, 1.5848, 0.28183, 0.79432, 0.56234, 0.79432, 0.56234, 1.122, 0.3981, 0.79432, 0.56234, 0.79432, 0.3981, 0.79432, 0.79432, 2.2387, 0.79432, 1.5848, 0.56234, 0.79432, 0.3981, 0.79432]",0.6909304166666667,1.4473237476277458
mj,0.251,Equiluminance,"[0.79432, 6.3095, 4.4668, 6.3095, 1.5848, 2.2387, 1.5848, 4.4668, 0.79432, 1.5848, 1.122, 1.5848, 1.5848, 2.2387, 1.5848, 3.1622, 0.56234, 1.5848, 1.122, 2.2387, 0.79432, 3.1622, 1.5848, 2.2387]",2.279145833333333,0.4387608661870767
mj,0.251,Luminance,"[0.79432, 1.5848, 1.122, 2.2387, 1.5848, 2.2387, 1.122, 1.5848, 1.5848, 2.2387, 1.122, 2.2387, 1.122, 2.2387, 1.5848, 3.1622, 0.79432, 2.2387, 1.122, 1.5848, 1.5848, 2.2387, 1.5848, 2.2387]",1.7062016666666668,0.5860971885894691
mj,0.398,Compound,"[0.56234, 0.79432, 0.3981, 0.79432, 0.56234, 1.122, 0.56234, 1.122, 1.122, 1.5848, 0.79432, 1.5848, 0.79432, 2.2387, 1.5848, 2.2387, 0.79432, 1.5848, 0.56234, 0.79432, 0.3981, 0.56234, 0.3981, 0.56234, 0.3981, 0.56234, 0.3981, 1.122, 0.79432, 1.122, 0.56234, 0.79432]",0.914699375,1.0932553660048145
mj,0.398,Equiluminance,"[2.2387, 3.1622, 1.5848, 4.4668, 1.5848, 4.4668, 1.5848, 2.2387, 1.122, 1.5848, 1.122, 2.2387, 1.5848, 3.1622, 2.2387, 3.1622]",2.3464375000000004,0.4261779825799749
mj,0.398,Luminance,"[0.79432, 1.5848, 0.28183, 1.5848, 0.79432, 3.1622, 0.79432, 1.122, 0.79432, 1.122, 0.79432, 1.122, 0.56234, 0.79432, 0.56234, 1.122]",1.062014375,0.9416068403028914
mj,0.631,Compound,"[0.3981, 0.56234, 0.3981, 0.56234, 0.79432, 1.122, 0.79432, 1.122, 4.4668, 6.3095, 4.4668, 6.3095, 8.9125, 12.589, 8.9125, 12.589, 0.28183, 0.56234, 0.3981, 0.79432, 0.19952, 0.3981, 0.19952, 0.56234, 2.2387, 8.9125, 4.4668, 6.3095, 6.3095, 25.118, 12.589, 17.782, 1.122, 2.2387, 1.122, 1.5848, 0.28183, 0.3981, 0.19952, 1.5848, 3.1622, 2.2387, 3.1622, 1.5848, 0.56234, 1.5848, 0.79432, 1.122]",3.75363125,0.2664086942477368
mj,0.631,Equiluminance,"[0.28183, 0.3981, 0.19952, 1.122, 1.122, 1.5848, 1.122, 1.5848, 3.1622, 4.4668, 3.1622, 4.4668, 3.1622, 4.4668, 1.122, 1.5848, 3.1622, 4.4668, 3.1622, 6.3095, 2.2387, 3.1622, 2.2387, 4.4668]",2.5923312500000004,0.3857531710116135
mj,0.631,Luminance,"[1.5848, 0.79432, 1.122, 0.79432, 0.56234, 1.5848, 1.122, 1.5848, 1.5848, 3.1622, 2.2387, 6.3095, 3.1622, 4.4668, 3.1622, 4.4668, 0.56234, 0.79432, 0.19952, 0.79432, 0.79432, 1.122, 0.79432, 1.5848]",1.847855,0.5411680029006605
mj,1.0,Compound,"[1.5848, 2.2387, 1.5848, 3.1622, 1.5848, 2.2387, 0.79432, 2.2387, 2.2387, 3.1622, 1.5848, 3.1622, 1.5848, 3.1622, 1.122, 3.1622, 0.56234, 1.122, 0.56234, 0.79432, 0.56234, 0.79432, 0.56234, 0.79432, 2.2387, 3.1622, 2.2387, 3.1622, 3.1622, 6.3095, 2.2387, 4.4668, 4.4668, 8.9125, 4.4668, 8.9125, 3.1622, 6.3095, 3.1622, 8.9125, 3.1622, 4.4668, 3.1622, 6.3095, 4.4668, 12.589, 6.3095, 8.9125]",3.4379779166666666,0.2908686513523514
mj,1.0,Equiluminance,"[0.79432, 1.122, 0.79432, 2.2387, 2.2387, 4.4668, 3.1622, 4.4668, 1.122, 1.5848, 1.122, 1.5848, 3.1622, 4.4668, 3.1622, 4.4668, 4.4668, 8.9125, 3.1622, 6.3095, 4.4668, 12.589, 2.2387, 8.9125]",3.7922266666666666,0.26369731767088467
mj,1.0,Luminance,"[6.3095, 17.782, 12.589, 35.481, 8.9125, 12.589, 6.3095, 8.9125, 0.56234, 1.122, 0.56234, 0.79432, 0.79432, 1.122, 0.79432, 1.122, 1.122, 1.5848, 1.122, 1.5848, 0.79432, 1.122, 0.79432, 1.122]",5.208536666666666,0.19199250461261994
mj,1.585,Compound,"[3.1622, 8.9125, 4.4668, 12.589, 4.4668, 12.589, 8.9125, 12.589, 3.1622, 6.3095, 4.4668, 8.9125, 4.4668, 12.589, 8.9125, 12.589, 1.122, 2.2387, 1.5848, 3.1622, 1.5848, 3.1622, 2.2387, 3.1622, 3.1622, 4.4668, 1.5848, 2.2387, 0.79432, 1.5848, 0.79432, 1.122, 2.2387, 6.3095, 4.4668, 8.9125, 3.1622, 6.3095, 4.4668, 6.3095, 12.589, 8.9125, 12.589, 8.9125, 6.3095, 12.589, 8.9125, 12.589]",6.014127916666666,0.16627514643124694
mj,1.585,Equiluminance,"[12.589, 35.481, 25.118, 35.481, 17.782, 35.481, 25.118, 35.481, 0.56234, 0.79432, 0.56234, 4.4668, 3.1622, 4.4668, 3.1622, 4.4668, 1.5848, 4.4668, 2.2387, 3.1622, 1.122, 2.2387, 1.5848, 6.3095]",11.120095833333332,0.08992728255114708
mj,1.585,Luminance,"[0.3981, 0.79432, 0.3981, 1.122, 0.56234, 0.79432, 0.28183, 0.79432, 25.118, 35.481, 17.782, 50.118, 35.481, 70.794, 50.118, 70.794, 1.5848, 4.4668, 3.1622, 4.4668, 3.1622, 4.4668, 0.56234, 1.5848]",16.012002916666663,0.06245314875374613
re,0.0398,Compound,"[0.3981, 1.122, 0.28183, 0.3981, 0.28183, 0.56234, 0.3981, 0.56234]",0.50058,1.997682688081825
re,0.0398,Equiluminance,"[1.5848, 2.2387, 0.79432, 2.2387, 0.79432, 2.2387, 1.5848, 2.2387]",1.71413,0.5833863242577868
re,0.0398,Luminance,"[2.2387, 4.4668, 3.1622, 4.4668, 1.5848, 3.1622, 2.2387, 6.3095]",3.4537125,0.2895434984817063
re,0.0631,Compound,"[0.28183, 0.79432, 0.19952, 0.3981, 0.19952, 0.28183, 0.19952, 0.28183]",0.32955875,3.0343603378760236
re,0.0631,Equiluminance,"[1.122, 2.2387, 1.122, 2.2387, 0.79432, 1.122, 0.79432, 1.122]",1.319255,0.7580035701968156
re,0.0631,Luminance,"[1.5848, 3.1622, 2.2387, 4.4668, 1.5848, 2.2387, 1.122, 1.5848]",2.24785,0.4448695420068065
re,0.1,Compound,"[0.28183, 0.79432, 0.3981, 0.56234, 0.3981, 0.56234, 0.3981, 1.122, 0.28183, 0.56234, 0.14125, 0.3981, 0.28183, 0.3981, 0.28183, 0.3981, 0.28183, 0.3981, 0.19952, 0.3981, 0.3981, 0.56234, 0.3981, 0.56234, 0.28183, 0.56234, 0.3981, 0.79432, 0.14125, 0.28183, 0.19952, 0.79432, 0.3981, 0.56234, 0.3981, 0.56234, 0.28183, 1.122, 0.28183, 0.79432, 0.28183, 0.56234, 0.28183, 2.2387, 0.14125, 0.28183, 0.14125, 0.28183, 0.28183, 0.3981, 0.28183, 0.56234, 0.19952, 0.3981, 0.28183, 0.3981, 0.3981, 0.56234, 0.3981, 0.79432, 0.28183, 0.56234, 0.28183, 0.3981, 0.3981, 0.56234, 0.3981, 0.56234, 0.035481, 0.050118, 0.035481, 0.14125, 0.19952, 0.28183, 0.19952, 0.79432, 0.28183, 0.3981, 0.19952, 0.28183, 0.28183, 0.79432, 0.56234, 0.79432, 0.28183, 0.3981, 0.28183, 0.3981, 0.19952, 0.3981, 0.28183, 0.56234, 0.19952, 0.28183, 0.0, 0.28183, 0.3981, 1.122, 0.0, 0.79432, 0.56234, 0.79432, 0.56234, 0.79432, 0.3981, 0.79432, 0.28183, 0.56234, 0.28183, 0.3981, 0.19952, 0.56234, 0.3981, 0.56234, 0.28183, 0.56234, 0.19952, 0.3981, 0.28183, 0.3981, 0.28183, 0.56234, 0.3981, 0.56234, 0.28183, 0.3981, 0.28183, 0.3981, 0.14125, 0.28183, 0.19952, 0.56234, 0.14125, 0.19952, 0.0, 0.28183, 0.28183, 0.56234, 0.19952, 0.3981, 0.3981, 0.56234, 0.3981, 0.56234, 0.56234, 0.79432, 0.3981, 0.79432, 0.0, 0.56234, 0.3981, 0.56234, 0.28183, 0.56234, 0.3981, 0.56234, 0.3981, 0.56234, 0.19952, 0.56234]",0.42088643749999993,2.37593780863989
re,0.1,Equiluminance,"[0.79432, 1.122, 0.3981, 0.56234, 0.56234, 0.79432, 0.56234, 1.122, 0.3981, 0.56234, 0.3981, 0.79432, 0.56234, 1.122, 0.79432, 1.5848, 0.28183, 0.3981, 0.28183, 0.79432, 0.56234, 0.79432, 0.56234, 0.79432]",0.6918116666666667,1.4454801041709326
re,0.1,Luminance,"[1.5848, 2.2387, 1.122, 1.5848, 1.5848, 4.4668, 2.2387, 3.1622, 0.3981, 0.79432, 0.3981, 1.5848, 0.79432, 1.122, 0.79432, 1.5848, 1.5848, 2.2387, 1.122, 2.2387, 2.2387, 3.1622, 1.5848, 2.2387]",1.7442566666666668,0.5733101206435597
re,0.158,Compound,"[0.28183, 0.56234, 0.3981, 0.79432, 0.56234, 1.122, 0.56234, 1.122, 0.28183, 0.56234, 0.28183, 0.56234, 0.28183, 0.56234, 0.3981, 0.79432, 0.19952, 0.56234, 0.28183, 0.56234, 0.0, 0.3981, 0.19952, 1.122, 0.28183, 0.56234, 0.3981, 0.79432, 0.28183, 0.56234, 0.3981, 0.56234, 0.28183, 0.56234, 0.28183, 0.3981, 0.14125, 0.19952, 0.14125, 0.3981, 0.3981, 1.122, 0.56234, 0.79432, 0.79432, 1.5848, 1.122, 1.5848, 0.28183, 0.3981, 0.28183, 0.79432, 0.19952, 0.3981, 0.14125, 0.56234, 0.28183, 0.3981, 0.28183, 0.56234, 0.28183, 0.79432, 0.56234, 1.5848, 0.19952, 0.28183, 0.0, 0.56234, 0.19952, 0.28183, 0.19952, 0.28183, 0.56234, 1.122, 0.56234, 0.79432, 0.56234, 0.79432, 0.56234, 0.79432, 0.3981, 0.79432, 0.3981, 0.56234, 0.28183, 0.56234, 0.28183, 0.56234, 0.3981, 0.56234, 0.14125, 0.56234, 0.28183, 0.56234, 0.3981, 0.56234, 0.56234, 0.79432, 0.56234, 0.79432, 0.56234, 0.79432, 0.28183, 0.79432, 0.3981, 1.122, 0.56234, 0.79432, 0.3981, 0.79432, 0.3981, 0.56234, 0.56234, 0.79432, 0.56234, 0.79432, 0.3981, 0.79432, 0.56234, 0.79432, 0.56234, 1.5848, 0.56234, 0.79432, 0.56234, 1.5848, 0.79432, 1.122, 0.19952, 0.28183, 0.19952, 0.28183, 0.19952, 0.3981, 0.19952, 0.3981, 0.19952, 0.28183, 0.19952, 0.28183, 0.3981, 0.56234, 0.28183, 0.3981, 0.0, 0.19952, 0.14125, 0.28183, 0.28183, 0.79432, 0.56234, 1.122, 0.3981, 0.56234, 0.28183, 0.3981, 0.19952, 0.28183, 0.0, 0.14125]",0.518447875,1.9288342150114899
re,0.158,Equiluminance,"[0.14125, 0.3981, 0.28183, 0.3981, 0.3981, 1.122, 0.79432, 1.122, 0.56234, 1.122, 0.56234, 1.5848, 0.56234, 0.79432, 0.56234, 1.122, 0.3981, 2.2387, 0.79432, 1.122, 0.56234, 0.79432, 0.56234, 0.79432]",0.7831091666666667,1.2769611729314025
re,0.158,Luminance,"[0.79432, 1.5848, 0.79432, 1.122, 0.79432, 1.5848, 0.79432, 1.5848, 1.122, 3.1622, 1.122, 2.2387, 1.5848, 2.2387, 1.122, 4.4668, 0.3981, 2.2387, 1.5848, 2.2387, 0.79432, 1.5848, 1.122, 1.5848]",1.5690458333333333,0.6373300121358256
re,0.251,Compound,"[0.28183, 0.3981, 0.28183, 0.3981, 0.14125, 0.56234, 0.28183, 0.56234, 3.1622, 0.79432, 1.5848, 0.79432, 1.5848, 2.2387, 1.5848, 3.1622, 0.3981, 0.56234, 0.3981, 0.56234, 0.14125, 0.3981, 0.28183, 0.3981, 1.5848, 2.2387, 0.79432, 1.5848, 0.79432, 1.122, 0.79432, 1.5848, 0.28183, 0.3981, 0.28183, 0.3981, 0.3981, 0.56234, 0.19952, 0.79432, 0.28183, 1.122, 0.79432, 1.122, 0.3981, 0.28183, 0.56234, 0.28183, 0.3981, 0.56234, 0.28183, 0.3981, 0.14125, 0.3981, 0.28183, 0.79432, 0.56234, 0.79432, 0.56234, 0.79432, 0.3981, 1.122, 0.28183, 0.3981, 0.79432, 1.5848, 0.79432, 2.2387, 0.79432, 1.122, 0.79432, 1.5848, 0.79432, 1.122, 0.79432, 1.122, 0.28183, 1.122, 0.79432, 1.5848, 0.79432, 1.5848, 1.122, 1.5848, 2.2387, 3.1622, 1.122, 1.5848, 0.56234, 0.79432, 0.56234, 0.79432, 0.56234, 0.79432, 0.28183, 0.3981, 0.28183, 0.3981, 0.28183, 0.3981, 0.28183, 0.3981, 0.28183, 0.79432, 0.56234, 0.79432, 0.56234, 0.79432, 0.3981, 0.79432, 0.56234, 0.79432, 0.56234, 3.1622, 0.3981, 0.56234, 0.28183, 0.56234, 0.0, 0.28183, 1.122, 1.5848, 1.122, 1.5848, 0.56234, 2.2387, 1.122, 1.5848, 0.3981, 0.79432, 0.3981, 0.79432, 0.79432, 1.5848, 0.79432, 1.5848, 0.28183, 1.122, 0.79432, 1.122, 0.79432, 0.56234, 1.122, 0.79432, 0.28183, 0.56234, 0.3981, 0.79432, 0.19952, 0.56234, 0.3981, 0.79432, 0.56234, 0.79432, 0.56234, 0.79432, 0.56234, 0.79432, 0.56234, 0.79432]",0.8206923125,1.2184834496058472
re,0.251,Equiluminance,"[0.56234, 0.79432, 0.56234, 2.2387, 0.56234, 1.122, 0.79432, 1.122, 0.79432, 1.122, 0.56234, 0.79432, 0.56234, 1.122, 0.79432, 1.122, 1.5848, 2.2387, 1.5848, 2.2387, 1.5848, 2.2387, 1.122, 2.2387]",1.2276333333333334,0.8145754704173341
re,0.251,Luminance,"[0.56234, 0.79432, 0.56234, 1.5848, 0.56234, 1.122, 0.79432, 2.2387, 0.79432, 1.122, 0.79432, 1.122, 0.79432, 1.122, 0.56234, 1.5848, 1.5848, 2.2387, 1.122, 1.5848, 1.122, 1.5848, 1.122, 3.1622]",1.23494,0.8097559395598167
re,0.398,Compound,"[1.5848, 3.1622, 1.122, 3.1622, 1.5848, 4.4668, 1.5848, 2.2387, 0.56234, 0.79432, 0.56234, 1.122, 0.28183, 1.122, 0.56234, 0.79432, 0.3981, 0.56234, 0.3981, 0.79432, 0.28183, 1.122, 0.79432, 1.122, 0.3981, 0.79432, 0.56234, 0.79432, 0.28183, 0.79432, 0.3981, 0.56234, 1.5848, 2.2387, 0.56234, 1.122, 3.1622, 4.4668, 1.5848, 3.1622, 0.14125, 0.28183, 0.14125, 0.19952, 0.28183, 0.56234, 0.28183, 0.3981, 1.5848, 1.122, 1.5848, 0.3981, 1.122, 1.5848, 1.122, 1.5848, 1.5848, 2.2387, 1.5848, 2.2387, 1.122, 1.5848, 1.122, 3.1622, 0.19952, 0.3981, 0.28183, 0.79432, 0.19952, 0.28183, 0.19952, 0.28183, 1.122, 2.2387, 1.122, 3.1622, 2.2387, 4.4668, 3.1622, 4.4668, 1.122, 1.5848, 1.122, 1.5848, 1.5848, 2.2387, 1.122, 1.5848, 0.0, 0.14125, 0.070794, 0.0, 0.0, 0.14125, 0.050118, 0.28183, 1.5848, 1.122, 1.5848, 1.122, 0.28183, 0.79432, 0.56234, 3.1622, 2.2387, 4.4668, 3.1622, 4.4668, 0.3981, 2.2387, 1.5848, 3.1622, 0.56234, 0.79432, 0.3981, 0.56234, 0.28183, 0.3981, 0.28183, 1.122, 1.5848, 2.2387, 0.56234, 1.122, 1.5848, 2.2387, 0.79432, 1.122]",1.2852006406249998,0.7780886255345272
re,0.398,Equiluminance,"[2.2387, 4.4668, 3.1622, 4.4668, 1.5848, 2.2387, 1.122, 3.1622, 0.79432, 1.122, 0.56234, 1.5848, 0.79432, 1.5848, 1.122, 1.5848]",1.9744737499999998,0.5064640641588677
re,0.398,Luminance,"[0.56234, 1.122, 0.79432, 1.122, 0.79432, 2.2387, 1.122, 1.5848, 0.79432, 1.122, 0.56234, 2.2387, 1.122, 1.5848, 0.79432, 4.4668]",1.3766100000000001,0.7264221529699769
re,0.631,Compound,"[1.122, 1.5848, 1.122, 2.2387, 1.5848, 4.4668, 3.1622, 4.4668, 8.9125, 2.2387, 3.1622, 2.2387, 1.122, 2.2387, 1.122, 3.1622, 1.5848, 3.1622, 2.2387, 4.4668, 1.5848, 2.2387, 0.79432, 1.122, 1.122, 2.2387, 1.5848, 3.1622, 0.19952, 0.56234, 0.28183, 0.56234, 0.56234, 0.79432, 0.56234, 1.122, 0.19952, 0.28183, 0.19952, 1.5848, 2.2387, 4.4668, 2.2387, 4.4668, 3.1622, 6.3095, 1.5848, 2.2387, 2.2387, 3.1622, 2.2387, 6.3095, 2.2387, 4.4668, 1.122, 2.2387, 0.79432, 1.5848, 0.56234, 1.122, 3.1622, 4.4668, 0.79432, 3.1622, 1.122, 3.1622, 1.122, 1.5848, 1.5848, 2.2387, 0.79432, 1.5848, 1.5848, 3.1622, 2.2387, 3.1622, 1.122, 4.4668, 1.5848, 2.2387, 2.2387, 4.4668, 3.1622, 25.118, 1.5848, 3.1622, 2.2387, 3.1622, 1.122, 1.5848, 0.56234, 1.122, 0.79432, 1.122, 0.3981, 0.79432, 0.79432, 1.122, 0.56234, 1.122, 1.122, 2.2387, 1.5848, 3.1622, 0.56234, 1.122, 0.79432, 1.5848, 2.2387, 4.4668, 1.5848, 2.2387, 1.122, 1.5848, 0.79432, 1.122, 1.122, 1.5848, 0.79432, 1.122, 2.2387, 1.5848, 2.2387, 1.122, 0.56234, 1.5848, 1.122, 1.5848, 0.28183, 0.3981, 0.28183, 0.56234, 0.28183, 0.3981, 0.28183, 0.56234, 2.2387, 3.1622, 2.2387, 3.1622, 1.5848, 4.4668, 1.122, 1.5848, 0.56234, 0.79432, 0.56234, 0.79432, 0.3981, 0.56234, 0.28183, 0.56234, 1.122, 4.4668, 2.2387, 3.1622, 3.1622, 25.118, 2.2387, 3.1622, 0.56234, 0.79432, 0.3981, 0.56234, 0.3981, 0.56234, 0.3981, 0.79432, 3.1622, 4.4668, 3.1622, 17.782, 8.9125, 17.782, 3.1622, 6.3095, 2.2387, 4.4668, 1.5848, 2.2387, 3.1622, 4.4668, 2.2387, 3.1622, 0.56234, 0.79432, 0.56234, 0.79432, 3.1622, 6.3095, 2.2387, 3.1622, 2.2387, 3.1622, 1.122, 3.1622, 2.2387, 6.3095, 2.2387, 4.4668, 3.1622, 12.589, 4.4668, 6.3095, 1.5848, 2.2387, 0.56234, 3.1622, 3.1622, 4.4668, 3.1622, 4.4668, 1.122, 4.4668, 3.1622, 6.3095, 6.3095, 8.9125, 4.4668, 6.3095, 0.56234, 4.4668, 1.122, 4.4668]",2.6053624553571426,0.38382375471167224
re,0.631,Equiluminance,"[1.122, 3.1622, 2.2387, 3.1622, 0.79432, 1.122, 0.56234, 1.5848, 1.5848, 2.2387, 1.122, 3.1622, 1.5848, 2.2387, 1.5848, 2.2387, 3.1622, 8.9125, 4.4668, 8.9125, 1.122, 3.1622, 2.2387, 8.9125]",2.9330275,0.3409446382620006
re,0.631,Luminance,"[0.56234, 2.2387, 1.5848, 3.1622, 1.5848, 2.2387, 1.122, 2.2387, 1.122, 2.2387, 1.122, 1.5848, 0.56234, 0.79432, 0.56234, 1.122, 1.5848, 4.4668, 2.2387, 3.1622, 2.2387, 3.1622, 2.2387, 3.1622]",1.920626666666667,0.520663394586489
re,1.0,Compound,"[50.118, 10.0, 70.794, 10.0, 8.9125, 12.589, 8.9125, 12.589, 1.5848, 3.1622, 1.5848, 4.4668, 2.2387, 1.5848, 2.2387, 1.5848, 0.79432, 1.122, 0.79432, 1.122, 0.56234, 0.79432, 0.3981, 0.79432, 0.79432, 3.1622, 1.5848, 3.1622, 0.79432, 2.2387, 1.5848, 2.2387, 1.122, 3.1622, 2.2387, 3.1622, 1.5848, 2.2387, 1.122, 1.5848, 0.56234, 0.79432, 0.56234, 1.122, 1.122, 3.1622, 1.5848, 2.2387, 0.79432, 2.2387, 0.79432, 1.5848, 0.56234, 1.122, 0.79432, 2.2387, 1.122, 1.5848, 0.79432, 1.5848, 0.28183, 1.5848, 0.79432, 2.2387, 12.589, 17.782, 8.9125, 17.782, 17.782, 12.589, 25.118, 12.589, 2.2387, 0.3981, 1.122, 0.79432, 2.2387, 3.1622, 2.2387, 6.3095, 3.1622, 4.4668, 2.2387, 3.1622, 1.5848, 3.1622, 1.122, 4.4668, 2.2387, 3.1622, 1.5848, 2.2387, 3.1622, 4.4668, 3.1622, 6.3095, 1.122, 2.2387, 1.5848, 2.2387, 2.2387, 4.4668, 3.1622, 4.4668, 4.4668, 8.9125, 1.5848, 8.9125, 2.2387, 4.4668, 1.122, 2.2387, 0.3981, 0.56234, 0.3981, 0.79432, 0.28183, 1.122, 0.79432, 1.122, 3.1622, 8.9125, 6.3095, 12.589, 3.1622, 8.9125, 6.3095, 17.782, 1.5848, 2.2387, 1.122, 2.2387, 0.79432, 1.5848, 0.79432, 1.5848, 1.5848, 2.2387, 0.79432, 2.2387, 1.5848, 2.2387, 1.5848, 2.2387, 3.1622, 1.122, 1.5848, 0.79432, 0.79432, 1.5848, 0.0, 0.14125, 4.4668, 2.2387, 3.1622, 2.2387, 0.79432, 4.4668, 2.2387, 6.3095, 1.122, 1.5848, 0.79432, 1.122, 1.5848, 2.2387, 1.5848, 3.1622, 0.3981, 0.56234, 0.3981, 1.5848, 0.79432, 2.2387, 1.5848, 3.1622, 1.122, 1.5848, 1.122, 1.5848, 0.14125, 0.070794, 0.14125, 0.0, 3.1622, 6.3095, 1.5848, 2.2387, 2.2387, 3.1622, 2.2387, 3.1622, 0.3981, 0.79432, 0.56234, 1.122, 0.79432, 1.5848, 0.79432, 1.122, 1.122, 1.5848, 0.56234, 2.2387, 1.122, 2.2387, 1.5848, 2.2387, 1.5848, 2.2387, 1.122, 8.9125, 3.1622, 8.9125, 2.2387, 3.1622, 0.79432, 1.5848, 1.122, 4.4668, 1.122, 4.4668, 2.2387, 6.3095, 1.122, 1.5848, 0.3981, 0.56234, 0.3981, 0.56234, 0.3981, 2.2387, 2.2387, 4.4668, 2.2387, 3.1622, 1.5848, 2.2387, 1.5848, 2.2387]",3.37016185,0.29672165448077814
re,1.0,Equiluminance,"[3.1622, 4.4668, 3.1622, 8.9125, 8.9125, 17.782, 12.589, 25.118, 4.4668, 6.3095, 2.2387, 6.3095, 2.2387, 8.9125, 2.2387, 4.4668, 1.5848, 3.1622, 2.2387, 3.1622, 0.79432, 1.122, 0.79432, 1.122]",5.6361225,0.1774269455640824
re,1.0,Luminance,"[0.56234, 1.5848, 1.122, 1.5848, 1.122, 3.1622, 0.79432, 1.122, 3.1622, 8.9125, 4.4668, 12.589, 1.5848, 4.4668, 3.1622, 4.4668, 0.56234, 0.79432, 0.56234, 0.79432, 1.5848, 12.589, 6.3095, 8.9125]",3.5822783333333335,0.27915195497092865
re,1.585,Compound,"[0.79432, 1.122, 0.79432, 1.5848, 1.5848, 3.1622, 1.122, 1.5848, 1.5848, 2.2387, 1.5848, 3.1622, 1.5848, 2.2387, 1.5848, 2.2387, 1.5848, 2.2387, 1.5848, 4.4668, 0.79432, 1.5848, 1.122, 1.5848, 1.122, 4.4668, 3.1622, 6.3095, 2.2387, 4.4668, 2.2387, 3.1622, 2.2387, 3.1622, 2.2387, 4.4668, 0.56234, 1.122, 0.56234, 4.4668, 0.79432, 2.2387, 1.5848, 3.1622, 0.79432, 3.1622, 2.2387, 3.1622, 1.122, 1.5848, 0.56234, 1.5848, 4.4668, 6.3095, 4.4668, 6.3095, 1.122, 1.5848, 1.122, 2.2387, 1.5848, 2.2387, 1.122, 3.1622, 1.122, 1.5848, 1.122, 4.4668, 1.5848, 2.2387, 1.122, 3.1622, 35.481, 25.118, 70.794, 50.118, 35.481, 50.118, 25.118, 50.118, 1.5848, 2.2387, 1.5848, 3.1622, 1.122, 2.2387, 1.122, 3.1622, 0.79432, 1.5848, 1.122, 3.1622, 1.5848, 2.2387, 1.5848, 2.2387, 3.1622, 4.4668, 2.2387, 8.9125, 12.589, 8.9125, 12.589, 6.3095, 1.5848, 4.4668, 1.5848, 2.2387, 0.79432, 1.5848, 0.79432, 1.5848, 1.122, 2.2387, 1.5848, 2.2387, 0.56234, 1.122, 0.56234, 0.79432, 6.3095, 3.1622, 8.9125, 4.4668, 8.9125, 25.118, 8.9125, 17.782, 12.589, 25.118, 17.782, 25.118, 8.9125, 25.118, 12.589, 17.782, 2.2387, 3.1622, 1.122, 1.5848, 2.2387, 3.1622, 1.122, 1.5848, 1.5848, 3.1622, 0.79432, 4.4668, 0.56234, 1.122, 0.79432, 1.122, 1.5848, 3.1622, 2.2387, 4.4668, 4.4668, 1.5848, 3.1622, 2.2387, 2.2387, 4.4668, 1.5848, 3.1622, 4.4668, 6.3095, 4.4668, 6.3095, 3.1622, 4.4668, 2.2387, 3.1622, 3.1622, 70.794, 50.118, 10.0, 3.1622, 6.3095, 2.2387, 3.1622, 0.79432, 1.5848, 1.122, 1.5848, 0.79432, 1.122, 0.79432, 2.2387, 1.122, 0.56234, 0.79432, 0.28183, 1.122, 2.2387, 1.5848, 4.4668, 2.2387, 3.1622, 2.2387, 3.1622, 2.2387, 12.589, 4.4668, 6.3095, 2.2387, 4.4668, 2.2387, 4.4668, 1.5848, 8.9125, 2.2387, 3.1622, 1.5848, 2.2387, 1.122, 2.2387, 1.5848, 2.2387, 1.5848, 3.1622, 0.79432, 1.122, 0.79432, 2.2387]",5.378884151785714,0.18591216538248254
re,1.585,Equiluminance,"[12.589, 17.782, 12.589, 25.118, 25.118, 8.9125, 25.118, 17.782, 8.9125, 12.589, 8.9125, 12.589, 8.9125, 12.589, 6.3095, 12.589, 2.2387, 3.1622, 2.2387, 3.1622, 0.28183, 0.56234, 0.3981, 0.79432]",10.05207875,0.09948191064460175
re,1.585,Luminance,"[1.122, 2.2387, 1.5848, 2.2387, 0.56234, 1.122, 0.79432, 1.5848, 6.3095, 12.589, 2.2387, 6.3095, 4.4668, 8.9125, 4.4668, 6.3095, 12.589, 25.118, 6.3095, 8.9125, 17.782, 25.118, 12.589, 17.782]",7.877081666666666,0.12695056904534655
